0 0.150381 0.155907 0.149839 0.148855 0.145021 0.151797 0.147964 0.154373 0.151715 0.14593 0.15358 0.151568 0.151267 0.153147 0.153328 0.148662 0.167101 0.158624 0.154943 0.152966 0.156615 0.15571 0.155275 0.134161 0.15574 0.159336 0.148595 0.152116 0.154185 0.134723 0.149273 0.152601 0.149522 0.147203 0.15265 0.150482 0.153228 0.152273 0.151831 0.148392 0.142941 0.156424 0.14916 0.145803 0.149688 0.150788 0.149527 0.152622 0.154588 0.145629 0.152061 0.15583 0.14838 0.149034 0.156703 0.155656 0.144862 0.149928 0.150239 0.149482 0.153284 0.148881 0.158297 0.150809 0.150346 0.151435 0.152181 0.150503 0.149986 0.150951 0.162407 0.154531 0.156076 0.152639 0.153148 0.155011 0.153671 0.155707 0.154758 0.150091 0.151677 0.156895 0.157876 0.159226 0.159019 0.157398 0.153771 0.154743 0.154051 0.152321 0.153406 0.151896 0.151472 0.152573 0.154449 0.156178 0.148495 0.148296 0.151155 0.154545 0.150151 0.151288 0.153647 0.145539 0.149039 0.144125 0.154695 0.153618 0.155431 0.149118 0.151237 0.149424 0.149104 0.150199 0.155938 0.146716 0.154767 0.154849 0.152712 0.153296 0.149 0.151201 0.157781 0.152795 0.149457 0.148865 0.153199 0.158187 0.159715 0.147073 0.145896 0.153452 0.148503 0.15018 
0.150381 0 0.155254 0.153995 0.153161 0.148029 0.153504 0.153897 0.160309 0.155806 0.15131 0.15742 0.150305 0.148627 0.160937 0.15511 0.150411 0.16286 0.160485 0.158632 0.153431 0.151262 0.154585 0.156923 0.139886 0.154731 0.163736 0.15266 0.158691 0.156914 0.137786 0.14748 0.153348 0.155352 0.150358 0.155818 0.153256 0.156656 0.154279 0.160338 0.153053 0.147887 0.155753 0.147691 0.148907 0.15556 0.152891 0.143634 0.154255 0.155417 0.152783 0.154364 0.15818 0.150572 0.150182 0.154535 0.155058 0.151014 0.153748 0.153919 0.156506 0.154519 0.147727 0.157517 0.155966 0.151721 0.150438 0.160279 0.153956 0.157301 0.153244 0.160935 0.149202 0.148053 0.150513 0.150751 0.155564 0.151915 0.159253 0.154909 0.149557 0.150703 0.161812 0.15278 0.149169 0.156084 0.15835 0.149035 0.151131 0.152864 0.151917 0.154606 0.151928 0.150924 0.155232 0.154765 0.155558 0.144192 0.145718 0.154056 0.154214 0.149108 0.15584 0.158049 0.14353 0.147902 0.149653 0.154264 0.157198 0.158224 0.153773 0.151303 0.151768 0.1553 0.155259 0.158871 0.151318 0.154381 0.155646 0.150798 0.153828 0.152567 0.161651 0.15179 0.15743 0.151714 0.149964 0.152415 0.161283 0.16134 0.149792 0.149679 0.153577 0.153796 0.159815 
0.155907 0.155254 0 0.151449 0.154552 0.151181 0.149662 0.154551 0.158637 0.163325 0.165873 0.156455 0.148136 0.155179 0.156287 0.160156 0.147941 0.170674 0.158278 0.149983 0.146696 0.151304 0.157565 0.149582 0.136487 0.151026 0.164997 0.160119 0.149514 0.153997 0.130805 0.151697 0.159803 0.149971 0.149658 0.14864 0.159525 0.15697 0.149811 0.164832 0.151398 0.153934 0.15106 0.158834 0.14687 0.148234 0.15253 0.161528 0.148375 0.147072 0.145529 0.147573 0.15454 0.149036 0.146136 0.163562 0.156489 0.14391 0.152143 0.145333 0.15594 0.158159 0.155008 0.155279 0.163389 0.150172 0.166018 0.156101 0.146795 0.14678 0.158109 0.168281 0.149093 0.161713 0.143419 0.152026 0.147357 0.152786 0.153 0.162049 0.144088 0.150454 0.168372 0.16019 0.160319 0.155445 0.159355 0.158131 0.152804 0.14961 0.142997 0.150966 0.146039 0.151636 0.151598 0.156412 0.149565 0.156378 0.148946 0.151726 0.160152 0.160718 0.146798 0.151209 0.152856 0.14849 0.159545 0.169212 0.15003 0.15591 0.148961 0.15782 0.146634 0.160386 0.149642 0.150074 0.151151 0.152704 0.148673 0.152592 0.147365 0.145765 0.148864 0.148543 0.15867 0.15179 0.146445 0.126017 0.149761 0.165459 0.14738 0.143217 0.162961 0.147329 0.147936 
0.149839 0.153995 0.151449 0 0.154122 0.152268 0.153591 0.157595 0.158278 0.156627 0.156709 0.151569 0.150539 0.153283 0.158786 0.157633 0.153515 0.164876 0.155891 0.153886 0.151602 0.15057 0.153992 0.153597 0.138014 0.153554 0.162235 0.160608 0.152231 0.149093 0.136877 0.147356 0.159766 0.150809 0.148286 0.151767 0.15763 0.150411 0.155437 0.161346 0.154092 0.152439 0.151301 0.157691 0.148162 0.152208 0.149801 0.150463 0.153287 0.151727 0.147906 0.15481 0.147547 0.144162 0.150039 0.15525 0.151567 0.151872 0.153937 0.150351 0.151967 0.153894 0.154003 0.157489 0.161473 0.149614 0.155112 0.156626 0.144694 0.156824 0.160268 0.158022 0.15238 0.159455 0.145048 0.153099 0.151712 0.153846 0.153654 0.156282 0.148945 0.155087 0.161371 0.156767 0.156389 0.156193 0.153645 0.152451 0.153985 0.152451 0.147796 0.153814 0.14926 0.15132 0.153561 0.154402 0.149835 0.158254 0.14875 0.150194 0.161638 0.152911 0.148756 0.151307 0.152478 0.150286 0.155464 0.159337 0.151551 0.15597 0.152284 0.146 0.152863 0.157187 0.154704 0.151119 0.153355 0.154586 0.151209 0.148413 0.149917 0.1526 0.153415 0.152942 0.158853 0.149647 0.145388 0.147552 0.155772 0.158625 0.148316 0.146363 0.162403 0.150814 0.155028 
0.148855 0.153161 0.154552 0.154122 0 0.153103 0.152743 0.157258 0.160812 0.154899 0.15537 0.155063 0.14909 0.150486 0.15752 0.147689 0.154053 0.169707 0.154924 0.151163 0.152502 0.150062 0.15834 0.152047 0.137853 0.148241 0.162707 0.149396 0.150339 0.155224 0.134578 0.149632 0.156405 0.148485 0.152321 0.153649 0.154161 0.15739 0.15122 0.162024 0.154869 0.146289 0.154679 0.151612 0.152478 0.15272 0.151987 0.152443 0.157392 0.151943 0.1523 0.151409 0.150861 0.148894 0.14813 0.157733 0.151436 0.149565 0.15782 0.150037 0.155127 0.153236 0.14694 0.156242 0.159702 0.151536 0.157941 0.154331 0.154069 0.152477 0.158775 0.158953 0.149592 0.161607 0.152659 0.153925 0.15159 0.152691 0.152074 0.153874 0.150859 0.153932 0.162558 0.16139 0.153624 0.159361 0.160746 0.157965 0.151424 0.152262 0.145118 0.15699 0.149546 0.154088 0.151228 0.156352 0.154231 0.152588 0.153695 0.148523 0.158747 0.154176 0.148466 0.153978 0.149039 0.15086 0.151893 0.164738 0.157105 0.155211 0.151184 0.153724 0.152477 0.157575 0.153539 0.15266 0.146972 0.155851 0.155848 0.149169 0.148482 0.149198 0.150994 0.147719 0.153015 0.153186 0.148228 0.147245 0.153963 0.159392 0.15287 0.14863 0.160607 0.151734 0.15121 
0.145021 0.148029 0.151181 0.152268 0.153103 0 0.150995 0.151257 0.15635 0.153383 0.151952 0.155691 0.153115 0.153031 0.155472 0.15354 0.152577 0.159512 0.158574 0.155697 0.155399 0.152724 0.156056 0.155313 0.134187 0.156783 0.16129 0.155047 0.153606 0.153777 0.132547 0.15191 0.155099 0.151178 0.146383 0.149939 0.153562 0.158397 0.157721 0.157039 0.157024 0.15073 0.150981 0.153056 0.151456 0.154412 0.150168 0.151592 0.151789 0.151685 0.14772 0.153335 0.156182 0.149664 0.148993 0.154354 0.153001 0.150968 0.150026 0.15231 0.152486 0.156324 0.150446 0.15674 0.159957 0.147358 0.155799 0.152748 0.154154 0.152965 0.160443 0.162442 0.150779 0.155233 0.148636 0.15289 0.153434 0.148926 0.151839 0.153368 0.153517 0.151603 0.165856 0.161828 0.15737 0.157103 0.153861 0.1558 0.154665 0.151334 0.153006 0.151072 0.152616 0.152774 0.14917 0.158357 0.154948 0.149837 0.149874 0.153492 0.15625 0.152549 0.151554 0.152477 0.146439 0.153243 0.147241 0.15837 0.154253 0.159107 0.151742 0.152343 0.1477 0.150071 0.152654 0.149725 0.146677 0.155547 0.152518 0.151855 0.151529 0.149624 0.152933 0.151265 0.15568 0.14814 0.148617 0.151453 0.159134 0.157143 0.147953 0.150182 0.152723 0.153316 0.154844 
0.151797 0.153504 0.149662 0.153591 0.152743 0.150995 0 0.147422 0.153901 0.156352 0.15562 0.148732 0.141644 0.149144 0.143726 0.157021 0.143251 0.167142 0.159248 0.145433 0.143287 0.14907 0.157048 0.143183 0.130763 0.149032 0.159108 0.161336 0.146826 0.147425 0.126559 0.146888 0.151365 0.141005 0.142108 0.143259 0.153354 0.143829 0.141699 0.162241 0.144016 0.147524 0.147625 0.153 0.140913 0.14914 0.141445 0.15328 0.142339 0.15105 0.140365 0.140242 0.152359 0.142316 0.147105 0.16495 0.152581 0.138803 0.141336 0.142993 0.150747 0.154895 0.153334 0.154444 0.159059 0.143291 0.161202 0.153756 0.141804 0.140716 0.163794 0.16109 0.146084 0.153846 0.138887 0.140551 0.14309 0.139169 0.150234 0.161908 0.144076 0.14237 0.164846 0.160345 0.15503 0.153205 0.155594 0.149291 0.142197 0.146577 0.142543 0.137576 0.140896 0.13989 0.146995 0.151997 0.144689 0.155046 0.143984 0.150427 0.158762 0.156074 0.143393 0.144302 0.151254 0.1392 0.150151 0.16173 0.148121 0.147557 0.138883 0.155931 0.143309 0.15166 0.143327 0.146085 0.137739 0.138759 0.142269 0.15389 0.138609 0.138872 0.146121 0.139245 0.156521 0.147662 0.140744 0.140665 0.143118 0.165166 0.137408 0.134703 0.156393 0.139325 0.146765 
0.147964 0.153897 0.154551 0.157595 0.157258 0.151257 0.147422 0 0.136349 0.15697 0.158591 0.150123 0.152753 0.155958 0.150956 0.151966 0.156056 0.168881 0.173307 0.150676 0.155205 0.158292 0.155138 0.150747 0.137821 0.160095 0.167197 0.156001 0.151581 0.156424 0.140374 0.157578 0.154187 0.147536 0.150237 0.153103 0.157435 0.158145 0.158522 0.1502 0.148543 0.156272 0.161577 0.152034 0.154891 0.156451 0.150094 0.158832 0.1537 0.158664 0.150539 0.158892 0.159381 0.153099 0.15312 0.163633 0.156834 0.151029 0.152407 0.148634 0.153181 0.154679 0.16169 0.160561 0.150157 0.153836 0.151974 0.160428 0.152446 0.151337 0.166425 0.168407 0.152489 0.153942 0.155129 0.150242 0.155909 0.151863 0.155419 0.165401 0.154318 0.152442 0.160867 0.164203 0.162086 0.159637 0.161923 0.156053 0.155508 0.156755 0.153967 0.155774 0.153953 0.153436 0.152545 0.165675 0.154888 0.147078 0.155002 0.154626 0.159581 0.161235 0.147773 0.153439 0.158214 0.14446 0.14946 0.159826 0.159468 0.148707 0.146017 0.160093 0.151173 0.154056 0.152893 0.156545 0.146997 0.152843 0.157292 0.15829 0.152891 0.150115 0.151032 0.153994 0.158187 0.149621 0.150582 0.152828 0.15752 0.163962 0.14921 0.143913 0.156889 0.147729 0.155255 
0.154373 0.160309 0.158637 0.158278 0.160812 0.15635 0.153901 0.136349 0 0.162818 0.156571 0.156951 0.160653 0.160436 0.156639 0.15694 0.162752 0.176634 0.172783 0.158585 0.159964 0.164684 0.164987 0.165376 0.141383 0.164755 0.175298 0.152488 0.15918 0.162802 0.14605 0.164332 0.156022 0.15784 0.158967 0.15999 0.163371 0.163892 0.168743 0.157184 0.154402 0.164306 0.166382 0.155283 0.161538 0.165379 0.161247 0.164904 0.161602 0.163408 0.157959 0.163327 0.168333 0.158829 0.15696 0.170074 0.16033 0.156611 0.157435 0.158605 0.152809 0.156529 0.164168 0.169619 0.159353 0.160141 0.161985 0.166176 0.159282 0.162981 0.165004 0.178725 0.158575 0.15404 0.161375 0.161186 0.159434 0.159643 0.165992 0.166221 0.162545 0.159065 0.17073 0.17316 0.163205 0.165449 0.168515 0.163019 0.165188 0.163411 0.162299 0.159721 0.162831 0.156702 0.161601 0.170297 0.164581 0.154996 0.162499 0.166568 0.167936 0.159734 0.154774 0.161088 0.16038 0.151819 0.157131 0.158112 0.1572 0.156548 0.158896 0.161703 0.159124 0.157499 0.161274 0.154091 0.159732 0.159951 0.156066 0.161639 0.158403 0.156017 0.160696 0.159273 0.165035 0.1512 0.160918 0.160154 0.163447 0.178758 0.152056 0.150627 0.156056 0.157499 0.153006 
0.151715 0.155806 0.163325 0.156627 0.154899 0.153383 0.156352 0.15697 0.162818 0 0.158537 0.162678 0.154673 0.157441 0.160536 0.156514 0.158209 0.172894 0.15775 0.151739 0.156975 0.158934 0.165969 0.159405 0.137859 0.161457 0.163253 0.157322 0.15474 0.159497 0.139492 0.158147 0.159265 0.158406 0.15857 0.159975 0.16065 0.163164 0.16118 0.161571 0.159707 0.150445 0.158285 0.157836 0.155209 0.15586 0.155815 0.153788 0.161952 0.155605 0.158629 0.160265 0.158204 0.158342 0.15327 0.160265 0.158619 0.160784 0.159867 0.160647 0.160366 0.159407 0.1495 0.157306 0.161042 0.159017 0.161536 0.159912 0.156183 0.161219 0.163183 0.165755 0.15947 0.161004 0.155788 0.158083 0.15636 0.154556 0.159908 0.162695 0.159231 0.158646 0.163547 0.161777 0.155722 0.160109 0.160513 0.160965 0.156916 0.15944 0.15967 0.159049 0.158699 0.158066 0.162008 0.163979 0.160229 0.158868 0.157673 0.157841 0.162988 0.15902 0.154373 0.158171 0.155963 0.154689 0.154876 0.168495 0.160217 0.161694 0.156818 0.154652 0.160768 0.153176 0.158989 0.160206 0.156416 0.158942 0.160583 0.156821 0.15729 0.155894 0.162439 0.158642 0.1582 0.15537 0.149661 0.155294 0.161309 0.171968 0.157014 0.157095 0.15678 0.155754 0.16207 
0.14593 0.15131 0.165873 0.156709 0.15537 0.151952 0.15562 0.158591 0.156571 0.158537 0 0.153504 0.158923 0.136223 0.15854 0.154796 0.157163 0.168192 0.166068 0.154029 0.159203 0.162286 0.157639 0.156167 0.13548 0.160286 0.161343 0.15616 0.158545 0.160676 0.135785 0.161305 0.157129 0.153184 0.154221 0.162113 0.158776 0.160714 0.15698 0.159236 0.158998 0.144647 0.16459 0.152408 0.15188 0.161448 0.164091 0.153206 0.158562 0.158362 0.147134 0.156335 0.164171 0.153899 0.150998 0.161578 0.156039 0.154191 0.158074 0.15651 0.156068 0.158465 0.151996 0.161256 0.154129 0.154134 0.152004 0.158703 0.159628 0.160307 0.161017 0.160944 0.158846 0.155572 0.157008 0.160273 0.162667 0.154296 0.162667 0.161387 0.156076 0.157131 0.157251 0.16556 0.160373 0.158724 0.167029 0.156897 0.159401 0.161262 0.15386 0.161368 0.155346 0.153086 0.156832 0.167219 0.161594 0.147073 0.154313 0.155203 0.156099 0.152011 0.161228 0.159157 0.153961 0.156713 0.1423 0.161799 0.16181 0.163856 0.153405 0.152454 0.157668 0.152727 0.163235 0.16507 0.15639 0.161019 0.159267 0.156916 0.158188 0.156945 0.156718 0.159025 0.157627 0.150254 0.155477 0.154736 0.167487 0.163633 0.156881 0.157095 0.153853 0.156054 0.158259 
0.15358 0.15742 0.156455 0.151569 0.155063 0.155691 0.148732 0.150123 0.156951 0.162678 0.153504 0 0.152354 0.15056 0.154741 0.153953 0.150549 0.170828 0.162853 0.148169 0.146785 0.154878 0.158363 0.145444 0.135019 0.157151 0.162316 0.155577 0.144741 0.154397 0.133523 0.154835 0.158197 0.149674 0.150962 0.148517 0.152644 0.153612 0.15624 0.163773 0.148383 0.150138 0.152167 0.155665 0.149354 0.157362 0.144505 0.156973 0.153821 0.153771 0.146405 0.147037 0.158729 0.151714 0.151879 0.161737 0.158528 0.151904 0.148623 0.148046 0.154489 0.158624 0.156977 0.16214 0.152718 0.149828 0.162456 0.159083 0.150315 0.150625 0.166238 0.168363 0.152771 0.158403 0.151653 0.148044 0.150871 0.147728 0.153927 0.166371 0.154337 0.149118 0.172326 0.165988 0.157469 0.157776 0.161604 0.15837 0.154012 0.15371 0.145479 0.149469 0.152064 0.152116 0.158481 0.15979 0.150568 0.15843 0.150659 0.148805 0.158829 0.162835 0.145629 0.152637 0.160859 0.147589 0.15319 0.165947 0.156663 0.152877 0.145579 0.15658 0.153443 0.154993 0.146989 0.151333 0.148088 0.147871 0.145912 0.156007 0.145224 0.145741 0.150544 0.147935 0.157553 0.151365 0.149583 0.154358 0.150873 0.166235 0.145364 0.140232 0.160772 0.146627 0.149888 
0.151568 0.150305 0.148136 0.150539 0.14909 0.153115 0.141644 0.152753 0.160653 0.154673 0.158923 0.152354 0 0.150256 0.148302 0.155358 0.14361 0.166275 0.152833 0.145863 0.144109 0.144866 0.154656 0.142376 0.133007 0.147097 0.159083 0.158453 0.142305 0.151003 0.128246 0.141615 0.15167 0.138526 0.138118 0.136565 0.153024 0.146297 0.141311 0.157093 0.14183 0.152198 0.146559 0.157285 0.141779 0.149171 0.143031 0.149711 0.145085 0.14097 0.143136 0.137213 0.148106 0.142598 0.148536 0.160093 0.151844 0.135591 0.146862 0.138419 0.149055 0.152815 0.153418 0.152378 0.155607 0.147295 0.159065 0.149435 0.14 0.145811 0.161196 0.156789 0.145673 0.159387 0.139492 0.143559 0.140503 0.14137 0.147738 0.160369 0.144135 0.14306 0.160033 0.156213 0.150689 0.150947 0.153732 0.150301 0.142522 0.145685 0.138572 0.141901 0.141526 0.143644 0.143967 0.149953 0.149984 0.152877 0.14243 0.146061 0.156586 0.156186 0.141018 0.141015 0.150057 0.143069 0.151027 0.174624 0.145188 0.142385 0.143838 0.149254 0.138965 0.152771 0.141295 0.150677 0.140904 0.139433 0.146337 0.146385 0.139004 0.142773 0.146495 0.140128 0.155156 0.14628 0.138591 0.138229 0.137297 0.158324 0.141189 0.13679 0.160354 0.141171 0.14755 
0.151267 0.148627 0.155179 0.153283 0.150486 0.153031 0.149144 0.155958 0.160436 0.157441 0.136223 0.15056 0.150256 0 0.151029 0.160049 0.151095 0.1645 0.153117 0.147152 0.150746 0.149834 0.157975 0.146227 0.131716 0.151493 0.161131 0.157341 0.148015 0.154213 0.130263 0.148664 0.152074 0.148842 0.147652 0.146312 0.154157 0.151501 0.148695 0.157471 0.157163 0.150085 0.151623 0.158208 0.149184 0.154088 0.146119 0.150109 0.1512 0.150057 0.144948 0.150319 0.153099 0.146288 0.149527 0.154021 0.152891 0.148507 0.146798 0.150934 0.151493 0.156677 0.150754 0.150954 0.155205 0.144034 0.157382 0.152729 0.148554 0.148485 0.160712 0.157444 0.150032 0.157563 0.149839 0.145431 0.148703 0.144669 0.151674 0.156546 0.151784 0.152041 0.159284 0.16452 0.151473 0.154505 0.155234 0.152914 0.152248 0.151596 0.150013 0.145702 0.149815 0.147736 0.149907 0.160121 0.153398 0.151679 0.154307 0.14928 0.153079 0.151749 0.150975 0.151565 0.146469 0.151387 0.152037 0.159379 0.152814 0.1566 0.146697 0.150796 0.14748 0.15129 0.146065 0.150304 0.147531 0.150022 0.155381 0.151093 0.1416 0.15151 0.15 0.14841 0.157775 0.1509 0.146208 0.147617 0.152178 0.164815 0.146559 0.143497 0.154498 0.146555 0.151761 
0.153147 0.160937 0.156287 0.158786 0.15752 0.155472 0.143726 0.150956 0.156639 0.160536 0.15854 0.154741 0.148302 0.151029 0 0.159203 0.152525 0.173259 0.162613 0.149913 0.155513 0.152273 0.159854 0.151538 0.136412 0.154841 0.166286 0.159179 0.151353 0.154883 0.13377 0.153671 0.152462 0.147212 0.148168 0.149719 0.158342 0.152156 0.148843 0.162841 0.154155 0.158335 0.153856 0.162218 0.147046 0.153058 0.153909 0.154528 0.154956 0.158115 0.148423 0.153031 0.158148 0.149146 0.153143 0.162337 0.158487 0.146994 0.151026 0.14787 0.152141 0.157571 0.158684 0.159355 0.161664 0.155491 0.16451 0.152728 0.149641 0.148824 0.165323 0.159808 0.152374 0.157794 0.153594 0.154941 0.153235 0.151819 0.154146 0.164361 0.153248 0.150469 0.167017 0.16406 0.155183 0.157106 0.161668 0.161235 0.152454 0.149369 0.147418 0.149682 0.152906 0.147714 0.150209 0.162767 0.15392 0.157049 0.154426 0.15405 0.160307 0.163966 0.147015 0.152362 0.157017 0.150538 0.15231 0.162448 0.156518 0.148298 0.148891 0.153963 0.146228 0.156798 0.151282 0.155472 0.14394 0.147625 0.155109 0.153341 0.150053 0.149687 0.153573 0.149751 0.160132 0.15192 0.147154 0.149664 0.148744 0.167758 0.148157 0.147185 0.15858 0.145857 0.156812 
0.153328 0.15511 0.160156 0.157633 0.147689 0.15354 0.157021 0.151966 0.15694 0.156514 0.154796 0.153953 0.155358 0.160049 0.159203 0 0.160521 0.172541 0.166014 0.152355 0.156625 0.162777 0.158841 0.15696 0.137141 0.161062 0.166983 0.154828 0.156804 0.158551 0.140634 0.158473 0.153217 0.159625 0.153792 0.156354 0.159864 0.162651 0.160668 0.15765 0.155191 0.152961 0.160808 0.155744 0.154843 0.154487 0.15461 0.150092 0.163914 0.158033 0.14832 0.154702 0.15961 0.157813 0.15479 0.163285 0.151832 0.150238 0.154908 0.156071 0.156527 0.153885 0.15888 0.162711 0.157461 0.160146 0.155042 0.155934 0.158077 0.159207 0.157677 0.167575 0.158795 0.154098 0.161175 0.152956 0.158207 0.157887 0.15987 0.163941 0.159745 0.156437 0.165564 0.161888 0.161351 0.160606 0.164642 0.161266 0.156548 0.1633 0.154959 0.158041 0.15723 0.158673 0.158428 0.158927 0.16181 0.151275 0.155934 0.156914 0.15807 0.162494 0.153377 0.159145 0.15699 0.154699 0.149285 0.156011 0.159876 0.154232 0.154225 0.159578 0.154764 0.15361 0.156241 0.156514 0.153221 0.156378 0.162419 0.158005 0.156384 0.156382 0.162399 0.157375 0.158296 0.158705 0.151768 0.152972 0.15784 0.164681 0.156419 0.151386 0.159251 0.15257 0.157594 
0.148662 0.150411 0.147941 0.153515 0.154053 0.152577 0.143251 0.156056 0.162752 0.158209 0.157163 0.150549 0.14361 0.151095 0.152525 0.160521 0 0.170836 0.156494 0.147786 0.145477 0.147049 0.149747 0.141028 0.132681 0.145221 0.154718 0.157568 0.145568 0.148377 0.1282 0.141097 0.158081 0.137812 0.138002 0.143862 0.147296 0.145851 0.142909 0.167502 0.149964 0.149338 0.140364 0.155036 0.144578 0.14399 0.140236 0.152021 0.142503 0.146723 0.142629 0.139817 0.148571 0.145726 0.150914 0.15578 0.153955 0.140875 0.147975 0.142589 0.150114 0.158715 0.149328 0.152384 0.155677 0.149581 0.162319 0.153027 0.144591 0.142617 0.154374 0.154144 0.141613 0.156816 0.142522 0.140747 0.14546 0.14299 0.149966 0.162714 0.144185 0.14358 0.154618 0.152345 0.146752 0.147563 0.15016 0.151911 0.140063 0.150963 0.140669 0.144141 0.139755 0.141859 0.145277 0.150602 0.146715 0.15799 0.140039 0.142845 0.15834 0.148974 0.145705 0.14651 0.149124 0.146679 0.152348 0.167973 0.149065 0.151561 0.142811 0.145688 0.137117 0.152673 0.14041 0.152104 0.142679 0.142314 0.14532 0.145961 0.141058 0.142585 0.146203 0.141333 0.157079 0.149227 0.139628 0.143109 0.145505 0.154194 0.145385 0.137428 0.163079 0.144482 0.148993 
0.167101 0.16286 0.170674 0.164876 0.169707 0.159512 0.167142 0.168881 0.176634 0.172894 0.168192 0.170828 0.166275 0.1645 0.173259 0.172541 0.170836 0 0.171345 0.168205 0.171281 0.162651 0.1643 0.165381 0.153252 0.168612 0.172603 0.163795 0.160527 0.170638 0.15137 0.158925 0.165191 0.167544 0.160591 0.162321 0.164246 0.168419 0.165798 0.171022 0.170211 0.159151 0.167504 0.168717 0.160459 0.167129 0.165795 0.158198 0.162239 0.161304 0.164423 0.166052 0.16984 0.163049 0.163778 0.168946 0.167596 0.170893 0.1612 0.16989 0.16264 0.166881 0.160135 0.162834 0.17053 0.157496 0.161121 0.173844 0.170007 0.166991 0.169382 0.174577 0.166755 0.167693 0.159729 0.160166 0.16239 0.163456 0.163307 0.164103 0.161617 0.163981 0.168631 0.166667 0.168453 0.165502 0.166803 0.164721 0.164318 0.166071 0.161517 0.164329 0.16157 0.168779 0.164951 0.16785 0.162128 0.160561 0.166847 0.167397 0.172845 0.172694 0.164094 0.169556 0.164024 0.162453 0.160468 0.17201 0.168453 0.174054 0.167643 0.164097 0.163698 0.174853 0.164378 0.17067 0.16229 0.165283 0.166384 0.168472 0.163141 0.164764 0.168227 0.166038 0.172557 0.164553 0.168011 0.162622 0.171837 0.174509 0.168497 0.158829 0.170048 0.170264 0.172087 
0.158624 0.160485 0.158278 0.155891 0.154924 0.158574 0.159248 0.173307 0.172783 0.15775 0.166068 0.162853 0.152833 0.153117 0.162613 0.166014 0.156494 0.171345 0 0.159289 0.157838 0.156138 0.16307 0.155454 0.141225 0.157482 0.16304 0.167797 0.153306 0.159467 0.137754 0.158527 0.161026 0.149787 0.152647 0.1585 0.153485 0.156164 0.153451 0.170803 0.160885 0.15775 0.154174 0.165429 0.153505 0.1518 0.158838 0.156291 0.158632 0.151293 0.152658 0.157473 0.157981 0.155349 0.154644 0.161852 0.152538 0.156411 0.163094 0.156937 0.157976 0.163473 0.155756 0.153119 0.169061 0.158418 0.170538 0.166109 0.159111 0.158285 0.158391 0.16072 0.153402 0.165715 0.155283 0.158242 0.160537 0.157008 0.158054 0.163115 0.155366 0.152303 0.160714 0.158716 0.142352 0.157869 0.151005 0.155939 0.154998 0.155438 0.155906 0.158995 0.154947 0.160092 0.154909 0.155805 0.158559 0.161414 0.157013 0.156444 0.15936 0.158507 0.160478 0.16187 0.1551 0.159839 0.159399 0.174745 0.162315 0.167948 0.158762 0.144647 0.159743 0.161574 0.157526 0.163492 0.158541 0.160416 0.15838 0.157919 0.155962 0.151625 0.161763 0.156758 0.167166 0.155901 0.148665 0.157943 0.160937 0.159409 0.163763 0.154656 0.174497 0.159076 0.168726 
0.154943 0.158632 0.149983 0.153886 0.151163 0.155697 0.145433 0.150676 0.158585 0.151739 0.154029 0.148169 0.145863 0.147152 0.149913 0.152355 0.147786 0.168205 0.159289 0 0.138131 0.145716 0.154472 0.14323 0.130871 0.147789 0.158103 0.160755 0.14591 0.148486 0.129387 0.149132 0.154528 0.146365 0.142696 0.149169 0.149218 0.146539 0.148066 0.158222 0.146752 0.148924 0.147983 0.156171 0.146034 0.149945 0.146765 0.154913 0.144478 0.149214 0.142731 0.14238 0.151079 0.146149 0.143492 0.163631 0.148639 0.140147 0.142388 0.143405 0.145017 0.156611 0.151833 0.15504 0.157945 0.148674 0.160988 0.153829 0.14166 0.144502 0.159362 0.155679 0.143804 0.160236 0.146724 0.146941 0.143396 0.144045 0.14946 0.161575 0.148199 0.139529 0.159737 0.159833 0.149676 0.150385 0.157386 0.152262 0.14783 0.149354 0.142519 0.142352 0.145983 0.143208 0.148174 0.157653 0.145989 0.159902 0.147292 0.146951 0.159212 0.156582 0.143333 0.141449 0.152426 0.142683 0.150573 0.167026 0.152646 0.148644 0.139217 0.150353 0.142778 0.148984 0.145556 0.145661 0.143452 0.144839 0.145136 0.145088 0.138911 0.145992 0.147919 0.144838 0.152056 0.150997 0.138851 0.144289 0.145636 0.159385 0.145189 0.138094 0.158801 0.140189 0.145867 
0.152966 0.153431 0.146696 0.151602 0.152502 0.155399 0.143287 0.155205 0.159964 0.156975 0.159203 0.146785 0.144109 0.150746 0.155513 0.156625 0.145477 0.171281 0.157838 0.138131 0 0.14292 0.15584 0.141534 0.130875 0.145543 0.156631 0.158205 0.145035 0.145785 0.12443 0.147507 0.16221 0.142182 0.139869 0.143058 0.149603 0.144461 0.140864 0.168017 0.143591 0.150715 0.143933 0.154585 0.144326 0.144203 0.140626 0.15374 0.144843 0.145176 0.138891 0.143391 0.145532 0.142732 0.14832 0.165479 0.155172 0.138302 0.141878 0.140272 0.149054 0.155709 0.153654 0.151103 0.159891 0.145766 0.168561 0.153776 0.137361 0.144351 0.160634 0.162553 0.138505 0.158447 0.140608 0.144712 0.140202 0.141078 0.151648 0.161342 0.141728 0.139278 0.161424 0.156688 0.147448 0.148893 0.152032 0.150184 0.144924 0.145995 0.140752 0.137359 0.139301 0.139882 0.149138 0.151826 0.141398 0.162999 0.145267 0.145152 0.158867 0.149607 0.137393 0.143225 0.149602 0.13963 0.154764 0.170959 0.148591 0.150988 0.137455 0.146398 0.141681 0.153662 0.14399 0.143276 0.138706 0.142781 0.137493 0.146125 0.136626 0.141234 0.14214 0.137636 0.154557 0.147222 0.131754 0.143148 0.145045 0.159899 0.143017 0.136564 0.164575 0.141099 0.14503 
0.156615 0.151262 0.151304 0.15057 0.150062 0.152724 0.14907 0.158292 0.164684 0.158934 0.162286 0.154878 0.144866 0.149834 0.152273 0.162777 0.147049 0.162651 0.156138 0.145716 0.14292 0 0.147774 0.140945 0.135617 0.146357 0.156927 0.161272 0.142997 0.14742 0.13044 0.145339 0.159337 0.147076 0.143598 0.14866 0.14678 0.150637 0.141611 0.166553 0.152861 0.146217 0.143191 0.160237 0.141861 0.147823 0.143499 0.156663 0.142508 0.144459 0.145169 0.147904 0.147607 0.144974 0.14867 0.158954 0.154192 0.140838 0.149557 0.145124 0.156595 0.154312 0.153077 0.148793 0.160816 0.151325 0.169053 0.156555 0.143542 0.149755 0.163066 0.159712 0.140987 0.161709 0.141742 0.144386 0.14892 0.147166 0.148836 0.157891 0.145747 0.139465 0.156504 0.152554 0.148139 0.151502 0.151921 0.15162 0.146118 0.144266 0.142045 0.145599 0.138208 0.142975 0.146539 0.156202 0.147279 0.160682 0.147852 0.143497 0.157728 0.159166 0.143071 0.146677 0.153019 0.146328 0.157401 0.170005 0.15187 0.150678 0.143449 0.146796 0.147028 0.159925 0.143652 0.15023 0.142278 0.144895 0.150073 0.146943 0.14505 0.142125 0.144223 0.142869 0.158859 0.151692 0.142453 0.143291 0.142595 0.158625 0.146255 0.138208 0.167154 0.143479 0.154704 
0.15571 0.154585 0.157565 0.153992 0.15834 0.156056 0.157048 0.155138 0.164987 0.165969 0.157639 0.158363 0.154656 0.157975 0.159854 0.158841 0.149747 0.1643 0.16307 0.154472 0.15584 0.147774 0 0.148151 0.143869 0.153224 0.161924 0.161854 0.15434 0.156817 0.141092 0.151028 0.16181 0.152784 0.150018 0.153975 0.155937 0.156743 0.156004 0.169901 0.155657 0.155386 0.153375 0.156143 0.152238 0.156064 0.150573 0.157565 0.149566 0.150865 0.152227 0.154187 0.154866 0.157049 0.15194 0.158513 0.157216 0.154774 0.157055 0.151188 0.1556 0.157413 0.154691 0.157131 0.161456 0.155466 0.159607 0.158055 0.155929 0.155231 0.15996 0.166142 0.152589 0.162745 0.152733 0.152107 0.155803 0.156272 0.155394 0.161831 0.153917 0.154371 0.16031 0.154762 0.156988 0.153697 0.156225 0.157817 0.152182 0.153766 0.151229 0.158458 0.152354 0.155161 0.154334 0.157193 0.156861 0.155529 0.151897 0.150927 0.159536 0.162952 0.151625 0.152623 0.152882 0.154281 0.153768 0.168264 0.159445 0.154146 0.148849 0.151948 0.150417 0.160114 0.151937 0.153244 0.152827 0.15904 0.154448 0.149045 0.156013 0.148578 0.154618 0.154368 0.158505 0.152662 0.154381 0.154642 0.155653 0.16097 0.151262 0.147459 0.16318 0.15147 0.160777 
0.155275 0.156923 0.149582 0.153597 0.152047 0.155313 0.143183 0.150747 0.165376 0.159405 0.156167 0.145444 0.142376 0.146227 0.151538 0.15696 0.141028 0.165381 0.155454 0.14323 0.141534 0.140945 0.148151 0 0.128755 0.144332 0.157419 0.162144 0.139187 0.146843 0.125596 0.143657 0.159535 0.138054 0.140476 0.138961 0.148484 0.144939 0.138926 0.164605 0.145228 0.151662 0.143305 0.156195 0.142109 0.149019 0.138493 0.156571 0.143081 0.144595 0.137894 0.144929 0.149928 0.145222 0.149418 0.154612 0.158815 0.141649 0.144854 0.135763 0.150158 0.156613 0.154837 0.152144 0.154408 0.148762 0.16313 0.155076 0.139661 0.142901 0.158156 0.157029 0.138056 0.165489 0.141069 0.138569 0.144225 0.136998 0.149467 0.160509 0.139702 0.142337 0.162725 0.158755 0.151916 0.148578 0.156424 0.154125 0.142243 0.146547 0.138383 0.141822 0.138187 0.144665 0.146709 0.152713 0.142176 0.15756 0.142036 0.143376 0.159242 0.157723 0.142885 0.139323 0.150995 0.139212 0.15226 0.17164 0.15079 0.146067 0.136579 0.146257 0.141433 0.152226 0.136769 0.14699 0.138736 0.143431 0.137396 0.14721 0.140676 0.137165 0.141307 0.139342 0.154779 0.151682 0.139634 0.141902 0.139668 0.154876 0.144085 0.137668 0.163879 0.140073 0.149104 
0.134161 0.139886 0.136487 0.138014 0.137853 0.134187 0.130763 0.137821 0.141383 0.137859 0.13548 0.135019 0.133007 0.131716 0.136412 0.137141 0.132681 0.153252 0.141225 0.130871 0.130875 0.135617 0.143869 0.128755 0 0.136484 0.146597 0.144376 0.128577 0.134692 0.0299608 0.13374 0.139209 0.131414 0.125398 0.128013 0.136033 0.135946 0.134447 0.14262 0.129296 0.130245 0.131249 0.138432 0.128263 0.133967 0.130247 0.142026 0.132696 0.134681 0.127943 0.130532 0.135435 0.130568 0.131864 0.147305 0.136594 0.132746 0.134589 0.124836 0.131554 0.137122 0.136073 0.140367 0.141998 0.133763 0.14625 0.140341 0.129591 0.128406 0.141547 0.141204 0.130716 0.144741 0.131021 0.128768 0.13457 0.129236 0.132642 0.145424 0.1319 0.135662 0.143363 0.14198 0.13674 0.13509 0.13951 0.141013 0.134163 0.131199 0.125321 0.131718 0.125168 0.132021 0.130551 0.137077 0.131464 0.138056 0.137357 0.129923 0.147611 0.140246 0.128125 0.128849 0.129574 0.12926 0.13245 0.150534 0.140072 0.132486 0.127335 0.133363 0.128329 0.134754 0.129886 0.136293 0.124002 0.131427 0.129718 0.137343 0.129158 0.128691 0.131879 0.128385 0.134852 0.136017 0.126543 0.130764 0.13322 0.146643 0.131983 0.129942 0.143388 0.129697 0.134405 
0.15574 0.154731 0.151026 0.153554 0.148241 0.156783 0.149032 0.160095 0.164755 0.161457 0.160286 0.157151 0.147097 0.151493 0.154841 0.161062 0.145221 0.168612 0.157482 0.147789 0.145543 0.146357 0.153224 0.144332 0.136484 0 0.154815 0.164146 0.147187 0.15193 0.128858 0.145634 0.161743 0.140954 0.150151 0.152593 0.155896 0.148052 0.146194 0.163697 0.150671 0.153543 0.145979 0.162327 0.144876 0.147193 0.14212 0.156353 0.148311 0.14885 0.144171 0.146355 0.149201 0.146838 0.149224 0.164294 0.156253 0.146305 0.150439 0.142019 0.152229 0.159132 0.159776 0.151222 0.161282 0.151737 0.161903 0.157787 0.147809 0.145114 0.158221 0.159868 0.143784 0.1645 0.140599 0.151308 0.150789 0.141408 0.147605 0.154745 0.148596 0.144958 0.158507 0.159503 0.149659 0.147828 0.153322 0.151958 0.145685 0.153577 0.139284 0.148593 0.14303 0.151446 0.149779 0.153199 0.143821 0.159642 0.145029 0.148504 0.160771 0.157374 0.14733 0.144572 0.152216 0.142516 0.15633 0.172855 0.151862 0.153017 0.146127 0.149177 0.148077 0.155561 0.147286 0.150876 0.143664 0.148656 0.144129 0.153631 0.140942 0.144622 0.149235 0.143977 0.153392 0.151183 0.142208 0.144851 0.146416 0.159369 0.154115 0.142117 0.162397 0.144004 0.150069 
0.159336 0.163736 0.164997 0.162235 0.162707 0.16129 0.159108 0.167197 0.175298 0.163253 0.161343 0.162316 0.159083 0.161131 0.166286 0.166983 0.154718 0.172603 0.16304 0.158103 0.156631 0.156927 0.161924 0.157419 0.146597 0.154815 0 0.17053 0.156301 0.156046 0.142111 0.156814 0.165066 0.159039 0.152475 0.158522 0.164377 0.159013 0.1555 0.168878 0.162366 0.159698 0.156729 0.169423 0.160636 0.153012 0.154726 0.160189 0.153884 0.157059 0.153149 0.154681 0.159742 0.155329 0.155694 0.165707 0.165349 0.156356 0.165461 0.159177 0.158519 0.162742 0.157515 0.154095 0.170593 0.158676 0.168786 0.163125 0.159049 0.161027 0.165918 0.164249 0.1596 0.167322 0.157513 0.16213 0.157754 0.156748 0.158432 0.165459 0.153631 0.157126 0.158445 0.161846 0.158554 0.156087 0.155938 0.154043 0.153322 0.157898 0.157574 0.160952 0.155912 0.153127 0.161689 0.161232 0.157482 0.167099 0.155965 0.152689 0.170619 0.159363 0.156725 0.163918 0.162135 0.157288 0.162871 0.170614 0.159541 0.163642 0.15933 0.15938 0.156963 0.163742 0.154643 0.164381 0.155589 0.161552 0.158767 0.158902 0.15051 0.158261 0.161848 0.159952 0.164613 0.160553 0.156581 0.157217 0.158912 0.164292 0.163518 0.155552 0.170357 0.158809 0.163929 
0.148595 0.15266 0.160119 0.160608 0.149396 0.155047 0.161336 0.156001 0.152488 0.157322 0.15616 0.155577 0.158453 0.157341 0.159179 0.154828 0.157568 0.163795 0.167797 0.160755 0.158205 0.161272 0.161854 0.162144 0.144376 0.164146 0.17053 0 0.162794 0.158763 0.144406 0.163405 0.155857 0.162702 0.155641 0.153092 0.158178 0.159135 0.164314 0.15835 0.157636 0.153657 0.164258 0.154815 0.157614 0.159137 0.161999 0.147042 0.160022 0.157031 0.156038 0.155642 0.158089 0.156155 0.154069 0.163009 0.155065 0.15891 0.157913 0.163552 0.158742 0.16044 0.14877 0.160833 0.155005 0.161288 0.156972 0.158348 0.161082 0.160767 0.162882 0.168503 0.162201 0.150065 0.162031 0.159267 0.161683 0.159388 0.16544 0.161218 0.165064 0.161585 0.162748 0.163259 0.163583 0.160552 0.160569 0.157814 0.160551 0.158291 0.159122 0.159935 0.156774 0.153699 0.15264 0.163926 0.161728 0.15158 0.15145 0.158121 0.155084 0.148801 0.161771 0.159643 0.15082 0.159378 0.151596 0.152249 0.161238 0.158193 0.158334 0.160754 0.155578 0.15728 0.161251 0.165358 0.156931 0.161148 0.160346 0.157553 0.157241 0.152624 0.162058 0.156962 0.151962 0.156206 0.154812 0.161163 0.166912 0.16271 0.157979 0.154078 0.155348 0.161238 0.164614 
0.152116 0.158691 0.149514 0.152231 0.150339 0.153606 0.146826 0.151581 0.15918 0.15474 0.158545 0.144741 0.142305 0.148015 0.151353 0.156804 0.145568 0.160527 0.153306 0.14591 0.145035 0.142997 0.15434 0.139187 0.128577 0.147187 0.156301 0.162794 0 0.148392 0.123201 0.148468 0.159877 0.138343 0.14476 0.145345 0.145637 0.145406 0.140052 0.158526 0.147378 0.149069 0.142396 0.157441 0.143278 0.144763 0.141117 0.154747 0.141575 0.144483 0.142242 0.143633 0.147507 0.143917 0.146746 0.161308 0.152435 0.143764 0.15033 0.139445 0.150725 0.152475 0.15263 0.148883 0.158065 0.146996 0.162385 0.152021 0.144608 0.147919 0.157048 0.161106 0.14411 0.160766 0.140874 0.14065 0.142305 0.142818 0.148329 0.1585 0.144826 0.144545 0.156242 0.154296 0.149235 0.147054 0.15327 0.149682 0.143999 0.145476 0.13529 0.146456 0.139399 0.145436 0.147165 0.150646 0.142378 0.155218 0.148956 0.14226 0.158121 0.15622 0.140879 0.143627 0.148505 0.141318 0.152804 0.169817 0.152667 0.149828 0.142305 0.145942 0.147281 0.155935 0.139192 0.147218 0.140523 0.144489 0.141605 0.1464 0.138357 0.142739 0.146836 0.142411 0.155658 0.150822 0.14067 0.14359 0.145922 0.158699 0.145273 0.139266 0.162103 0.143109 0.14791 
0.154185 0.156914 0.153997 0.149093 0.155224 0.153777 0.147425 0.156424 0.162802 0.159497 0.160676 0.154397 0.151003 0.154213 0.154883 0.158551 0.148377 0.170638 0.159467 0.148486 0.145785 0.14742 0.156817 0.146843 0.134692 0.15193 0.156046 0.158763 0.148392 0 0.132208 0.147227 0.160162 0.149563 0.143686 0.149721 0.147745 0.150685 0.146868 0.166617 0.148061 0.152914 0.146333 0.161858 0.148503 0.152164 0.149541 0.154121 0.147508 0.14914 0.148015 0.14882 0.152632 0.143163 0.150626 0.159088 0.15689 0.147432 0.15228 0.142507 0.157119 0.15913 0.160897 0.155757 0.163318 0.15262 0.162751 0.162773 0.147173 0.147087 0.163017 0.158197 0.144065 0.162712 0.146058 0.153032 0.151264 0.145563 0.148844 0.162565 0.148593 0.146196 0.165067 0.158302 0.152789 0.153554 0.156566 0.154722 0.150342 0.150533 0.145083 0.148247 0.145733 0.14446 0.15182 0.158416 0.145885 0.160217 0.149445 0.148709 0.167253 0.160641 0.144322 0.145967 0.156064 0.14303 0.156179 0.169907 0.15456 0.14984 0.148777 0.1521 0.150573 0.15752 0.141234 0.149012 0.142431 0.150382 0.147766 0.145897 0.144308 0.144413 0.147571 0.146835 0.155904 0.157119 0.144371 0.146341 0.147962 0.16353 0.147162 0.14059 0.16371 0.145109 0.146284 
0.134723 0.137786 0.130805 0.136877 0.134578 0.132547 0.126559 0.140374 0.14605 0.139492 0.135785 0.133523 0.128246 0.130263 0.13377 0.140634 0.1282 0.15137 0.137754 0.129387 0.12443 0.13044 0.141092 0.125596 0.0299608 0.128858 0.142111 0.144406 0.123201 0.132208 0 0.129564 0.141103 0.126498 0.121974 0.123636 0.132184 0.131977 0.126384 0.145886 0.129807 0.127161 0.125636 0.139977 0.124663 0.128599 0.125692 0.138854 0.126713 0.129106 0.123719 0.124657 0.131237 0.124453 0.129225 0.144458 0.135626 0.124308 0.129 0.118636 0.132347 0.138829 0.133798 0.135823 0.142562 0.128236 0.145819 0.13645 0.123881 0.123511 0.140528 0.135899 0.125374 0.145387 0.126153 0.126332 0.131271 0.122677 0.131224 0.144293 0.127684 0.131975 0.141455 0.140152 0.132484 0.12989 0.13329 0.138695 0.129816 0.126184 0.120116 0.126355 0.120204 0.126856 0.126265 0.133871 0.124667 0.137764 0.131087 0.12607 0.144756 0.139206 0.123709 0.125804 0.128569 0.127485 0.133389 0.154182 0.135392 0.131781 0.123183 0.127724 0.123267 0.134251 0.125925 0.133625 0.120844 0.127045 0.122364 0.132881 0.122971 0.124594 0.127399 0.123643 0.134139 0.133389 0.122747 0.125596 0.126964 0.143263 0.128802 0.123225 0.144441 0.12594 0.131954 
0.149273 0.14748 0.151697 0.147356 0.149632 0.15191 0.146888 0.157578 0.164332 0.158147 0.161305 0.154835 0.141615 0.148664 0.153671 0.158473 0.141097 0.158925 0.158527 0.149132 0.147507 0.145339 0.151028 0.143657 0.13374 0.145634 0.156814 0.163405 0.148468 0.147227 0.129564 0 0.154064 0.139797 0.139973 0.143141 0.146882 0.148577 0.141347 0.160769 0.149359 0.142819 0.141989 0.159886 0.139958 0.145477 0.140316 0.148448 0.144532 0.142345 0.142112 0.144879 0.146294 0.144288 0.148389 0.152685 0.150171 0.143162 0.14958 0.144884 0.151047 0.155931 0.152997 0.147285 0.157616 0.149061 0.155314 0.153486 0.143582 0.146932 0.149854 0.153719 0.144245 0.162259 0.143257 0.143953 0.14569 0.146967 0.1425 0.155682 0.148848 0.146129 0.157863 0.15538 0.145144 0.147697 0.148321 0.152494 0.146681 0.148184 0.142124 0.146748 0.139364 0.147061 0.143149 0.150503 0.147069 0.154049 0.146072 0.146576 0.157555 0.150659 0.142061 0.140592 0.150371 0.144076 0.152832 0.171938 0.150963 0.152168 0.146046 0.146944 0.143503 0.155463 0.142953 0.150397 0.140645 0.142934 0.14241 0.143719 0.143709 0.145288 0.146088 0.142887 0.157092 0.149464 0.145066 0.144628 0.148646 0.156839 0.146045 0.144094 0.163527 0.147926 0.150806 
0.152601 0.153348 0.159803 0.159766 0.156405 0.155099 0.151365 0.154187 0.156022 0.159265 0.157129 0.158197 0.15167 0.152074 0.152462 0.153217 0.158081 0.165191 0.161026 0.154528 0.16221 0.159337 0.16181 0.159535 0.139209 0.161743 0.165066 0.155857 0.159877 0.160162 0.141103 0.154064 0 0.155016 0.151836 0.156219 0.160272 0.154341 0.156287 0.158383 0.153818 0.154971 0.16066 0.156066 0.153547 0.156606 0.156759 0.154938 0.157004 0.15613 0.150073 0.151244 0.163067 0.15314 0.151579 0.156324 0.152261 0.15449 0.157161 0.15642 0.154317 0.162309 0.157864 0.159456 0.164766 0.149354 0.15404 0.162334 0.154101 0.154624 0.15977 0.170796 0.157837 0.157388 0.157769 0.149655 0.157771 0.159052 0.161724 0.163736 0.153 0.154062 0.16891 0.160532 0.159546 0.16214 0.163401 0.161035 0.156991 0.158495 0.154715 0.156247 0.157607 0.154177 0.152821 0.161181 0.160128 0.158847 0.157818 0.156732 0.164629 0.162813 0.153391 0.15867 0.15377 0.155506 0.152123 0.165263 0.157229 0.159785 0.154546 0.158335 0.151914 0.161917 0.159879 0.157963 0.153836 0.156091 0.155362 0.159256 0.153701 0.153999 0.154215 0.154815 0.161471 0.157397 0.154039 0.153671 0.16206 0.168006 0.148975 0.14844 0.157909 0.154698 0.156449 
