0 0.140026 0.136011 0.134053 0.133034 0.136056 0.142751 0.136687 0.137402 0.147202 0.145234 0.141234 0.140965 0.135122 0.132777 0.139501 0.130578 0.137204 0.136954 0.138736 0.139937 0.1361 0.156562 0.138059 0.140961 0.147124 0.129726 0.143577 0.14729 0.137488 0.138258 0.135672 0.143265 0.149937 0.140062 0.153661 0.134221 0.145075 0.140622 0.137812 0.145412 0.134101 0.133782 0.158397 0.131208 0.144884 0.138875 0.13687 0.146409 0.135916 0.129391 0.135402 0.140697 0.13951 0.136217 0.137358 0.138229 0.12967 0.134938 0.139401 0.131033 0.136227 0.129184 0.148452 0.146168 0.132424 0.129442 0.148887 0.140401 0.139286 0.140697 0.130864 0.140545 0.135995 0.152715 0.15168 0.137123 0.135793 0.138552 0.132673 0.133048 0.141695 0.140458 0.141253 0.137479 0.145008 0.139063 0.131995 0.136426 0.133596 0.13389 0.135413 0.148623 0.131858 0.142931 0.138152 0.150667 0.138801 0.145995 0.134961 0.134862 0.143075 0.14438 0.14257 0.151951 0.137982 0.13968 0.135801 0.135027 0.134808 0.145936 0.139099 0.143314 0.131308 0.133854 0.140733 0.13727 0.144724 0.140818 0.142111 0.147823 
0.140026 0 0.137507 0.142042 0.13907 0.137441 0.134443 0.131354 0.134032 0.1327 0.137353 0.139944 0.13221 0.136777 0.140773 0.140239 0.13765 0.144303 0.140618 0.140432 0.140354 0.137512 0.144206 0.136961 0.135347 0.140749 0.140352 0.139779 0.147383 0.134752 0.142398 0.13214 0.132883 0.142285 0.146819 0.1438 0.138937 0.139235 0.142701 0.136912 0.133346 0.14162 0.139252 0.145078 0.141545 0.145954 0.132662 0.14093 0.137987 0.138725 0.139641 0.141041 0.141576 0.136654 0.141093 0.140608 0.134694 0.137813 0.140466 0.143208 0.133135 0.137085 0.139602 0.142262 0.0755456 0.140312 0.142641 0.138677 0.142305 0.139674 0.140753 0.137397 0.142693 0.14091 0.133875 0.138368 0.146637 0.137207 0.141764 0.135174 0.143458 0.132786 0.138255 0.140715 0.144131 0.143778 0.135318 0.129915 0.132773 0.135639 0.137876 0.137176 0.146507 0.136111 0.141701 0.139503 0.137935 0.14485 0.141574 0.135246 0.141681 0.138736 0.141995 0.137621 0.135201 0.136922 0.138974 0.142626 0.145946 0.132146 0.141627 0.139114 0.135075 0.13248 0.142708 0.142012 0.140118 0.134906 0.146957 0.139991 0.139856 
0.136011 0.137507 0 0.132579 0.132704 0.131768 0.144489 0.136476 0.133861 0.148493 0.144026 0.134954 0.142486 0.135835 0.139821 0.134746 0.135656 0.137268 0.137093 0.135607 0.136491 0.134625 0.15189 0.128337 0.138818 0.150838 0.130781 0.145078 0.147887 0.136643 0.13827 0.136454 0.139691 0.147572 0.141259 0.158677 0.137439 0.139949 0.140075 0.140438 0.145982 0.133053 0.130427 0.164069 0.138005 0.147247 0.135487 0.133775 0.150136 0.129233 0.137334 0.135194 0.139807 0.138218 0.133273 0.135725 0.131242 0.138734 0.132277 0.147162 0.129901 0.132857 0.132692 0.151743 0.141386 0.135486 0.13561 0.147355 0.142117 0.138398 0.135877 0.133894 0.138422 0.136371 0.151625 0.157885 0.145515 0.13618 0.137345 0.135904 0.134278 0.131778 0.134163 0.142789 0.131689 0.143662 0.138674 0.133255 0.132657 0.12914 0.133864 0.132893 0.150448 0.128705 0.139262 0.140002 0.146195 0.137912 0.142357 0.133695 0.139708 0.135103 0.143477 0.14387 0.150678 0.13937 0.138737 0.139939 0.142796 0.132637 0.147964 0.142787 0.139899 0.129612 0.130532 0.138327 0.135223 0.13686 0.139832 0.141183 0.14744 
0.134053 0.142042 0.132579 0 0.130848 0.131588 0.14604 0.134614 0.13622 0.148436 0.137354 0.12994 0.14673 0.133903 0.13537 0.13466 0.141449 0.137069 0.139009 0.137581 0.135538 0.136104 0.152455 0.134624 0.140842 0.149466 0.133107 0.150023 0.153294 0.136843 0.0473637 0.142575 0.141192 0.147441 0.147826 0.154817 0.133387 0.144348 0.137287 0.146419 0.148407 0.133848 0.1345 0.163195 0.136337 0.14827 0.132944 0.141242 0.151469 0.136969 0.136387 0.13289 0.142371 0.13998 0.140514 0.134457 0.133 0.137862 0.133118 0.149348 0.131052 0.132197 0.132126 0.154129 0.149703 0.138125 0.134725 0.149824 0.144419 0.139492 0.0921968 0.132625 0.134158 0.137743 0.14975 0.151885 0.140066 0.134431 0.14141 0.133313 0.131862 0.13657 0.135573 0.142446 0.129261 0.14037 0.134628 0.135629 0.136533 0.133926 0.132747 0.135411 0.151806 0.13066 0.134927 0.139622 0.156044 0.138692 0.146 0.138707 0.141872 0.140369 0.14674 0.142832 0.150923 0.137641 0.136784 0.143048 0.135399 0.138686 0.148394 0.137674 0.142738 0.137812 0.132117 0.138813 0.135756 0.141975 0.138488 0.140355 0.147476 
0.133034 0.13907 0.132704 0.130848 0 0.134642 0.140748 0.135208 0.134221 0.141914 0.13743 0.136286 0.146259 0.135224 0.133926 0.138366 0.137466 0.135061 0.134655 0.138504 0.137016 0.135272 0.152609 0.134556 0.14537 0.142543 0.132378 0.143814 0.148757 0.13693 0.139787 0.140619 0.140473 0.150265 0.148456 0.155016 0.137464 0.136335 0.140414 0.143361 0.149768 0.135238 0.130101 0.161939 0.135381 0.147502 0.131028 0.137807 0.149981 0.134687 0.133316 0.135439 0.14068 0.14112 0.135024 0.13729 0.133367 0.137347 0.133553 0.144639 0.126971 0.133754 0.132745 0.150422 0.145777 0.140022 0.132563 0.14431 0.14316 0.141741 0.142126 0.135088 0.139145 0.132835 0.149313 0.151476 0.137684 0.135213 0.137953 0.133568 0.134256 0.139733 0.136173 0.143612 0.135386 0.138839 0.138238 0.134729 0.136251 0.128242 0.131775 0.137494 0.14943 0.128987 0.135284 0.14011 0.147375 0.137538 0.142888 0.129912 0.134657 0.13433 0.149522 0.140726 0.145033 0.139588 0.140146 0.137795 0.135021 0.132837 0.147131 0.13396 0.141868 0.128392 0.135603 0.12924 0.135069 0.141905 0.13871 0.13747 0.1462 
0.136056 0.137441 0.131768 0.131588 0.134642 0 0.141994 0.131187 0.129988 0.146726 0.13643 0.142288 0.147141 0.131086 0.134735 0.13669 0.13344 0.135738 0.136817 0.142234 0.141223 0.131993 0.151901 0.137745 0.138435 0.142672 0.130387 0.141419 0.145605 0.136418 0.140968 0.139754 0.137909 0.14755 0.142527 0.153259 0.135748 0.141958 0.138196 0.140355 0.143269 0.134271 0.131148 0.15999 0.137848 0.145538 0.132981 0.132947 0.144912 0.132514 0.134982 0.131717 0.140545 0.139663 0.136605 0.137023 0.132544 0.137281 0.132813 0.142586 0.129302 0.135732 0.135865 0.148428 0.146109 0.139599 0.138468 0.151254 0.142098 0.138463 0.139446 0.132532 0.138973 0.135366 0.147258 0.155034 0.144584 0.134286 0.135335 0.132187 0.136282 0.137142 0.134899 0.143989 0.135638 0.144321 0.136691 0.131188 0.132396 0.133784 0.132223 0.134173 0.149952 0.135221 0.142673 0.13912 0.152356 0.14154 0.140832 0.134634 0.138752 0.135681 0.14604 0.141312 0.146758 0.13696 0.141381 0.140841 0.139931 0.138081 0.144532 0.136565 0.139346 0.139155 0.133775 0.136384 0.139612 0.147479 0.138474 0.13879 0.149657 
0.142751 0.134443 0.144489 0.14604 0.140748 0.141994 0 0.141096 0.134348 0.130571 0.139588 0.140803 0.133082 0.138886 0.142664 0.144636 0.141233 0.145837 0.0440521 0.143648 0.102873 0.130315 0.143265 0.147773 0.141727 0.139324 0.137088 0.135083 0.145557 0.135306 0.147622 0.141647 0.13622 0.146926 0.152957 0.135073 0.139264 0.138617 0.139478 0.136963 0.138974 0.142979 0.146963 0.144477 0.133268 0.149556 0.132992 0.142756 0.136981 0.143795 0.141264 0.141215 0.14491 0.144249 0.145076 0.141345 0.137881 0.14086 0.140303 0.146037 0.143096 0.146147 0.135469 0.137141 0.145467 0.143866 0.136722 0.14153 0.143853 0.143122 0.146081 0.141781 0.135355 0.0444253 0.136053 0.140309 0.138082 0.140548 0.144819 0.141492 0.14627 0.13697 0.138341 0.143472 0.149906 0.145274 0.137111 0.130657 0.136465 0.135374 0.139725 0.146283 0.14187 0.14041 0.143515 0.148127 0.144676 0.146167 0.144299 0.136864 0.140083 0.143918 0.136009 0.142187 0.13928 0.148042 0.140911 0.137403 0.140712 0.143416 0.143057 0.139852 0.140723 0.131898 0.143989 0.148186 0.143028 0.136915 0.142777 0.139656 0.133638 
0.136687 0.131354 0.136476 0.134614 0.135208 0.131187 0.141096 0 0.129776 0.139966 0.134874 0.134186 0.142467 0.132789 0.133359 0.136576 0.133941 0.137132 0.137802 0.139519 0.141664 0.122045 0.150545 0.137339 0.137195 0.140246 0.13403 0.141409 0.145421 0.137922 0.139154 0.139868 0.138659 0.144769 0.139783 0.151161 0.134285 0.141353 0.135322 0.141432 0.14511 0.134594 0.129167 0.158823 0.132746 0.149232 0.129248 0.137867 0.146642 0.138804 0.136708 0.133708 0.13816 0.137096 0.132754 0.134116 0.13369 0.138702 0.136745 0.145669 0.132181 0.135737 0.136494 0.15327 0.142382 0.137833 0.13968 0.144909 0.141591 0.14187 0.136593 0.136299 0.133677 0.139617 0.146297 0.145089 0.141564 0.135693 0.134992 0.0291501 0.13817 0.135583 0.140299 0.141218 0.137338 0.141674 0.129995 0.133597 0.131363 0.133605 0.1261 0.138976 0.14853 0.130128 0.139033 0.134892 0.144416 0.141249 0.141097 0.134514 0.138282 0.11337 0.144923 0.140385 0.146346 0.1391 0.140986 0.140618 0.137841 0.137792 0.145195 0.13333 0.140098 0.135334 0.133635 0.138525 0.137069 0.145916 0.135779 0.134732 0.146065 
0.137402 0.134032 0.133861 0.13622 0.134221 0.129988 0.134348 0.129776 0 0.144521 0.123322 0.134227 0.141656 0.131134 0.136963 0.133204 0.132693 0.133951 0.132425 0.139556 0.133629 0.132614 0.151599 0.132734 0.134267 0.141258 0.131951 0.140287 0.147891 0.13399 0.138884 0.134146 0.133823 0.140949 0.141044 0.143537 0.132643 0.135448 0.137158 0.135794 0.139705 0.137598 0.133382 0.154014 0.131899 0.147359 0.132365 0.132379 0.145202 0.131872 0.134395 0.131705 0.135852 0.141282 0.136115 0.13361 0.131078 0.132193 0.133565 0.144977 0.131171 0.133692 0.129104 0.145307 0.142264 0.1393 0.132161 0.144029 0.136812 0.137786 0.136045 0.13361 0.136199 0.132625 0.139196 0.148896 0.140621 0.137364 0.140653 0.129369 0.133593 0.13581 0.131017 0.141721 0.132271 0.136754 0.129781 0.132132 0.133102 0.134158 0.129824 0.131923 0.146199 0.132687 0.130774 0.135182 0.141833 0.136157 0.142144 0.131672 0.131172 0.132944 0.143421 0.137995 0.142747 0.134911 0.141275 0.136688 0.140579 0.135797 0.141963 0.133045 0.137032 0.133012 0.137819 0.136498 0.138962 0.138542 0.13673 0.13417 0.138161 
0.147202 0.1327 0.148493 0.148436 0.141914 0.146726 0.130571 0.139966 0.144521 0 0.143113 0.149515 0.130707 0.139595 0.140736 0.145066 0.142658 0.151393 0.146245 0.149988 0.148335 0.138366 0.148101 0.153316 0.142987 0.136725 0.142866 0.135949 0.147074 0.139301 0.147158 0.141235 0.138732 0.141166 0.151953 0.132926 0.148115 0.136974 0.14515 0.136763 0.135713 0.151435 0.136407 0.134914 0.146829 0.145983 0.136946 0.143886 0.134548 0.148706 0.146506 0.155168 0.147267 0.147478 0.143178 0.143686 0.145821 0.145954 0.148139 0.146439 0.144114 0.154258 0.14782 0.137777 0.135828 0.152124 0.149289 0.142296 0.1502 0.143013 0.151374 0.149229 0.144622 0.145475 0.133539 0.130715 0.140424 0.142537 0.151177 0.146533 0.152268 0.136005 0.143123 0.149284 0.153341 0.146668 0.146872 0.133755 0.124068 0.151304 0.148505 0.147258 0.134989 0.150837 0.152229 0.149661 0.140327 0.149498 0.146284 0.143713 0.14755 0.146899 0.136795 0.146429 0.136721 0.150665 0.13842 0.144667 0.146263 0.139143 0.141759 0.137963 0.142425 0.14578 0.1538 0.147354 0.150886 0.143692 0.143768 0.148749 0.135002 
0.145234 0.137353 0.144026 0.137354 0.13743 0.13643 0.139588 0.134874 0.123322 0.143113 0 0.13738 0.139348 0.13879 0.144385 0.141144 0.138813 0.137736 0.145023 0.141528 0.145886 0.133968 0.153498 0.143504 0.143266 0.146072 0.142661 0.143174 0.147769 0.134085 0.144117 0.142423 0.131719 0.148979 0.148048 0.150882 0.135852 0.141731 0.139317 0.142771 0.137263 0.133823 0.139659 0.151781 0.138683 0.156481 0.126216 0.142044 0.146436 0.135673 0.138641 0.140953 0.139257 0.143653 0.139278 0.135429 0.133795 0.139952 0.140821 0.146811 0.1368 0.140349 0.136088 0.145338 0.14974 0.137596 0.138312 0.143087 0.139944 0.14287 0.140692 0.138132 0.139522 0.143268 0.140973 0.145425 0.141168 0.137955 0.141215 0.138825 0.137986 0.136963 0.13733 0.146181 0.142244 0.145967 0.138908 0.13972 0.136897 0.138968 0.140485 0.138494 0.148763 0.136322 0.13925 0.142322 0.150188 0.144223 0.14215 0.134919 0.139109 0.145132 0.147729 0.140569 0.145005 0.145942 0.142347 0.143584 0.140345 0.14122 0.145227 0.1428 0.14293 0.143696 0.134603 0.141123 0.140395 0.141435 0.138671 0.145782 0.139733 
0.141234 0.139944 0.134954 0.12994 0.136286 0.142288 0.140803 0.134186 0.134227 0.149515 0.13738 0 0.14362 0.13295 0.137077 0.136151 0.137479 0.135479 0.138377 0.139856 0.14004 0.13416 0.14864 0.131959 0.139656 0.142279 0.133808 0.145743 0.145214 0.140278 0.138376 0.138958 0.136229 0.145273 0.14472 0.151019 0.137444 0.141378 0.136887 0.142076 0.143301 0.130642 0.136825 0.160429 0.143056 0.153565 0.132873 0.140282 0.150097 0.140278 0.136972 0.135749 0.136869 0.143597 0.139786 0.135034 0.132912 0.137262 0.136756 0.145418 0.13456 0.138028 0.13649 0.148735 0.149013 0.137506 0.141237 0.142092 0.14129 0.141322 0.13341 0.135398 0.141652 0.139868 0.146126 0.150449 0.141971 0.137781 0.138059 0.134209 0.134459 0.133462 0.13734 0.143788 0.13497 0.145319 0.136245 0.136967 0.139006 0.129955 0.133896 0.134294 0.144063 0.131125 0.139939 0.137212 0.146878 0.141315 0.136932 0.138196 0.140905 0.138729 0.14237 0.138681 0.143239 0.144362 0.142247 0.136699 0.141418 0.136974 0.143727 0.138572 0.141315 0.134244 0.130876 0.142737 0.137493 0.138258 0.133627 0.139195 0.142702 
0.140965 0.13221 0.142486 0.14673 0.146259 0.147141 0.133082 0.142467 0.141656 0.130707 0.139348 0.14362 0 0.139036 0.143769 0.144002 0.143818 0.150159 0.141241 0.142469 0.146594 0.141255 0.148278 0.141201 0.146548 0.142087 0.139316 0.142581 0.149013 0.138054 0.144745 0.139162 0.133029 0.148664 0.151951 0.146094 0.143598 0.140974 0.140382 0.141312 0.136457 0.145692 0.143165 0.142628 0.143515 0.154047 0.134634 0.142312 0.137903 0.143415 0.14349 0.148582 0.151229 0.143494 0.143187 0.143062 0.144221 0.143229 0.14552 0.150159 0.142974 0.14718 0.146687 0.143663 0.142549 0.145291 0.146017 0.14226 0.148053 0.14464 0.142273 0.142495 0.147452 0.143197 0.135996 0.130251 0.147507 0.146747 0.147466 0.141949 0.145961 0.136635 0.142014 0.147015 0.148636 0.148527 0.145858 0.143453 0.140003 0.14445 0.148367 0.142481 0.145889 0.14556 0.145906 0.149001 0.142547 0.148992 0.150558 0.142307 0.143608 0.149297 0.144931 0.146683 0.137272 0.145878 0.143096 0.146812 0.146762 0.141223 0.146518 0.143168 0.143288 0.145478 0.145477 0.146145 0.147383 0.135624 0.146584 0.146724 0.137525 
0.135122 0.136777 0.135835 0.133903 0.135224 0.131086 0.138886 0.132789 0.131134 0.139595 0.13879 0.13295 0.139036 0 0.1341 0.133677 0.130191 0.134461 0.132643 0.138278 0.133488 0.131331 0.147452 0.131181 0.134094 0.141294 0.127885 0.140325 0.142934 0.133532 0.135301 0.132977 0.136438 0.138811 0.139809 0.148121 0.131837 0.138035 0.127892 0.137513 0.133383 0.130476 0.132977 0.151899 0.129933 0.151447 0.131662 0.13457 0.143726 0.133167 0.135744 0.136554 0.1366 0.139028 0.13867 0.133094 0.134385 0.13541 0.136332 0.147949 0.130537 0.132924 0.129674 0.146572 0.144719 0.134672 0.132968 0.140021 0.129706 0.135193 0.135727 0.132307 0.134768 0.134361 0.141214 0.145704 0.138902 0.134949 0.136544 0.129218 0.135886 0.133809 0.132444 0.139185 0.131766 0.13868 0.134389 0.135418 0.13248 0.133526 0.129726 0.133047 0.144178 0.133697 0.134637 0.13698 0.144996 0.13515 0.142134 0.129133 0.131981 0.134516 0.141957 0.138132 0.144472 0.137273 0.136217 0.129278 0.137159 0.136352 0.140157 0.136368 0.138884 0.131835 0.133277 0.139712 0.137162 0.137103 0.134391 0.138446 0.142769 
0.132777 0.140773 0.139821 0.13537 0.133926 0.134735 0.142664 0.133359 0.136963 0.140736 0.144385 0.137077 0.143769 0.1341 0 0.139266 0.136697 0.139467 0.139581 0.141799 0.13886 0.136779 0.15573 0.137741 0.143184 0.144375 0.130505 0.144113 0.146203 0.133302 0.141075 0.140332 0.141416 0.147273 0.143294 0.149331 0.13672 0.136898 0.137637 0.141808 0.143378 0.136406 0.134643 0.163113 0.13467 0.150132 0.133861 0.142004 0.145163 0.136619 0.13924 0.138879 0.140848 0.145606 0.140641 0.132125 0.134533 0.140606 0.134276 0.145901 0.133559 0.138779 0.13534 0.150935 0.148758 0.134964 0.137855 0.14865 0.144184 0.137349 0.141132 0.138305 0.136991 0.13891 0.14488 0.146107 0.142322 0.132247 0.137445 0.133842 0.136624 0.139474 0.136802 0.140632 0.137958 0.142935 0.138012 0.133675 0.133034 0.135986 0.131457 0.137726 0.148797 0.135929 0.140692 0.137888 0.134374 0.140565 0.145592 0.131282 0.136435 0.134397 0.144665 0.145519 0.151403 0.143158 0.138624 0.138758 0.141511 0.1368 0.148725 0.139002 0.141272 0.138023 0.138334 0.141725 0.145208 0.145505 0.137641 0.139246 0.147444 
0.139501 0.140239 0.134746 0.13466 0.138366 0.13669 0.144636 0.136576 0.133204 0.145066 0.141144 0.136151 0.144002 0.133677 0.139266 0 0.138338 0.139204 0.140433 0.13898 0.137003 0.133243 0.156052 0.135955 0.140696 0.148374 0.133423 0.14793 0.149672 0.135586 0.137356 0.138457 0.138958 0.0582268 0.144366 0.154256 0.134344 0.140788 0.137792 0.13938 0.14643 0.136348 0.13022 0.157547 0.131904 0.153974 0.135755 0.136455 0.14659 0.135467 0.142072 0.135514 0.142174 0.139445 0.143215 0.136512 0.130997 0.143281 0.135804 0.14817 0.138157 0.135737 0.135023 0.15126 0.144169 0.138541 0.136817 0.14888 0.138997 0.140507 0.135275 0.135788 0.136841 0.141376 0.147432 0.152257 0.147415 0.140286 0.141672 0.135975 0.136561 0.137726 0.134279 0.146332 0.0306322 0.145368 0.141248 0.136905 0.135951 0.132507 0.135629 0.135429 0.148952 0.132735 0.139706 0.138808 0.150981 0.142863 0.144557 0.135746 0.138492 0.137666 0.148628 0.141374 0.145242 0.139364 0.139892 0.139969 0.143791 0.136157 0.148885 0.140179 0.135909 0.133235 0.13464 0.137479 0.141466 0.143017 0.14304 0.136448 0.14795 
0.130578 0.13765 0.135656 0.141449 0.137466 0.13344 0.141233 0.133941 0.132693 0.142658 0.138813 0.137479 0.143818 0.130191 0.136697 0.138338 0 0.132234 0.133649 0.13582 0.135239 0.130867 0.156194 0.138116 0.14008 0.145626 0.133146 0.142602 0.142517 0.130316 0.146028 0.135168 0.135985 0.147507 0.139284 0.151373 0.131597 0.14168 0.133177 0.139941 0.143115 0.130233 0.131152 0.154685 0.12917 0.149684 0.130944 0.134931 0.143449 0.130627 0.131124 0.128255 0.137588 0.14122 0.134297 0.133656 0.13277 0.13176 0.135651 0.143478 0.128961 0.133674 0.125021 0.152161 0.143206 0.136652 0.13024 0.141895 0.135515 0.141307 0.13551 0.125053 0.136211 0.133928 0.150182 0.148693 0.138197 0.131459 0.138741 0.128403 0.135499 0.137934 0.139664 0.139683 0.136317 0.14338 0.135251 0.129726 0.137167 0.128178 0.132925 0.128047 0.152083 0.128542 0.138541 0.133924 0.143996 0.135644 0.140113 0.134681 0.133523 0.137242 0.145085 0.141335 0.150136 0.138797 0.136755 0.135202 0.132746 0.133687 0.144046 0.139561 0.137365 0.131517 0.131378 0.134394 0.136727 0.141378 0.138026 0.138015 0.14542 
0.137204 0.144303 0.137268 0.137069 0.135061 0.135738 0.145837 0.137132 0.133951 0.151393 0.137736 0.135479 0.150159 0.134461 0.139467 0.139204 0.132234 0 0.134192 0.136752 0.136186 0.134881 0.161161 0.137432 0.142661 0.145519 0.134842 0.14596 0.143125 0.139 0.142697 0.139677 0.143546 0.150019 0.139347 0.157073 0.136418 0.141982 0.136179 0.142785 0.152272 0.133595 0.133223 0.163395 0.134876 0.150531 0.134183 0.137447 0.149018 0.135894 0.131349 0.133718 0.0407825 0.144585 0.135859 0.13496 0.1347 0.13231 0.132769 0.147762 0.129349 0.134407 0.131939 0.152438 0.150438 0.14024 0.134619 0.145565 0.140919 0.141762 0.137987 0.131412 0.139041 0.13238 0.156714 0.156703 0.143309 0.133875 0.138302 0.133061 0.133178 0.140897 0.138754 0.140769 0.136876 0.141099 0.142512 0.13593 0.138595 0.130235 0.132128 0.135512 0.149495 0.130795 0.135802 0.138055 0.152889 0.137118 0.144249 0.132798 0.130092 0.138848 0.148391 0.143911 0.154265 0.137767 0.140563 0.129795 0.136932 0.140579 0.144181 0.138174 0.143728 0.133069 0.133595 0.135527 0.140551 0.142666 0.136368 0.139989 0.15102 
0.136954 0.140618 0.137093 0.139009 0.134655 0.136817 0.0440521 0.137802 0.132425 0.146245 0.145023 0.138377 0.141241 0.132643 0.139581 0.140433 0.133649 0.134192 0 0.135749 0.0937065 0.129786 0.153451 0.136522 0.140183 0.144865 0.129552 0.144441 0.141751 0.135371 0.143471 0.140484 0.144063 0.150455 0.143527 0.146228 0.132108 0.139286 0.136398 0.139527 0.147078 0.131261 0.13765 0.160187 0.122852 0.150188 0.137829 0.134709 0.147125 0.133919 0.132991 0.132695 0.137681 0.137402 0.137418 0.136917 0.133768 0.131996 0.133396 0.14685 0.130391 0.13463 0.122475 0.147496 0.151082 0.134329 0.126688 0.140923 0.136598 0.142418 0.136539 0.129484 0.129717 0.0307607 0.149199 0.15834 0.138413 0.13388 0.133174 0.13423 0.137575 0.135681 0.137771 0.138602 0.137576 0.145186 0.133012 0.130747 0.13773 0.123059 0.128691 0.136224 0.146725 0.132019 0.137193 0.138052 0.14879 0.139033 0.146522 0.134872 0.138817 0.136717 0.141853 0.141945 0.150356 0.139683 0.134188 0.132339 0.134218 0.140432 0.145188 0.139603 0.142492 0.12514 0.132098 0.13926 0.139183 0.142508 0.138092 0.137404 0.150132 
0.138736 0.140432 0.135607 0.137581 0.138504 0.142234 0.143648 0.139519 0.139556 0.149988 0.141528 0.139856 0.142469 0.138278 0.141799 0.13898 0.13582 0.136752 0.135749 0 0.136984 0.134142 0.154077 0.134479 0.140231 0.151837 0.135641 0.149201 0.147568 0.143196 0.143556 0.143575 0.140504 0.148046 0.139847 0.157555 0.138774 0.139445 0.138134 0.139892 0.148403 0.133528 0.135447 0.162596 0.135761 0.149488 0.136532 0.132322 0.151807 0.142065 0.132876 0.138281 0.14073 0.135983 0.136879 0.137057 0.136118 0.134837 0.139644 0.150326 0.13566 0.13741 0.131217 0.151407 0.143593 0.135809 0.13428 0.144956 0.138535 0.140436 0.137424 0.129 0.143764 0.134377 0.152722 0.157623 0.144131 0.13496 0.136703 0.136116 0.136606 0.139649 0.134895 0.142296 0.13505 0.145326 0.14064 0.140093 0.138468 0.134383 0.131306 0.13383 0.148017 0.134703 0.142876 0.139357 0.150369 0.134038 0.14247 0.136159 0.137257 0.140291 0.147016 0.141242 0.153174 0.138419 0.141451 0.137087 0.139338 0.13897 0.145577 0.140824 0.144344 0.129136 0.133688 0.139245 0.138913 0.142089 0.140155 0.140306 0.146287 
0.139937 0.140354 0.136491 0.135538 0.137016 0.141223 0.102873 0.141664 0.133629 0.148335 0.145886 0.14004 0.146594 0.133488 0.13886 0.137003 0.135239 0.136186 0.0937065 0.136984 0 0.137483 0.150042 0.141842 0.14228 0.144547 0.126695 0.147591 0.148599 0.138249 0.138043 0.13729 0.14239 0.145024 0.144345 0.147183 0.131916 0.141339 0.137222 0.14489 0.146086 0.136974 0.13885 0.159666 0.131851 0.153053 0.136795 0.137255 0.148908 0.136237 0.132748 0.138688 0.140956 0.140709 0.139453 0.137763 0.136839 0.133438 0.136399 0.151653 0.132266 0.139272 0.128878 0.151865 0.153022 0.13959 0.132339 0.141925 0.139277 0.141911 0.139075 0.136206 0.135423 0.0937527 0.151036 0.156496 0.139806 0.135283 0.13986 0.137841 0.141487 0.137729 0.134356 0.141762 0.138097 0.147525 0.135958 0.138948 0.138896 0.132399 0.135168 0.134511 0.150842 0.138617 0.140437 0.143884 0.152023 0.138992 0.147178 0.133723 0.140477 0.138603 0.149554 0.142042 0.1503 0.139514 0.134342 0.139349 0.13767 0.139518 0.1502 0.136941 0.13882 0.12892 0.138382 0.138776 0.136631 0.13789 0.140617 0.139706 0.149165 
0.1361 0.137512 0.134625 0.136104 0.135272 0.131993 0.130315 0.122045 0.132614 0.138366 0.133968 0.13416 0.141255 0.131331 0.136779 0.133243 0.130867 0.134881 0.129786 0.134142 0.137483 0 0.145362 0.131409 0.141676 0.135506 0.129092 0.137873 0.144325 0.134785 0.13719 0.137259 0.137994 0.139662 0.139404 0.144225 0.129839 0.137731 0.132902 0.137397 0.139541 0.129032 0.130054 0.155063 0.11949 0.148159 0.129835 0.134916 0.140949 0.138343 0.13562 0.137433 0.134204 0.142077 0.131412 0.133109 0.131486 0.136582 0.136474 0.142984 0.134025 0.137679 0.118779 0.145339 0.14534 0.137339 0.11887 0.142105 0.138762 0.135513 0.133538 0.133226 0.114705 0.127756 0.145672 0.147317 0.125706 0.133841 0.143489 0.122997 0.135404 0.135332 0.132645 0.136583 0.133339 0.139308 0.136906 0.109562 0.125758 0.119581 0.131192 0.138101 0.14411 0.134822 0.136513 0.136272 0.145762 0.137305 0.134543 0.130773 0.136976 0.130775 0.137362 0.138377 0.143143 0.137956 0.139359 0.133462 0.128309 0.132412 0.142655 0.127663 0.137721 0.131044 0.129566 0.138607 0.138574 0.135896 0.136059 0.137774 0.140719 
0.156562 0.144206 0.15189 0.152455 0.152609 0.151901 0.143265 0.150545 0.151599 0.148101 0.153498 0.14864 0.148278 0.147452 0.15573 0.156052 0.156194 0.161161 0.153451 0.154077 0.150042 0.145362 0 0.157499 0.145344 0.148888 0.149138 0.150615 0.161561 0.148427 0.152435 0.150125 0.150346 0.152827 0.159557 0.148835 0.149771 0.155666 0.151553 0.144727 0.111555 0.152534 0.148775 0.153105 0.150607 0.152778 0.146012 0.157671 0.148937 0.151262 0.154589 0.15898 0.156006 0.152176 0.153222 0.153922 0.148751 0.153343 0.15929 0.156233 0.158357 0.155733 0.152296 0.14669 0.155496 0.157574 0.151306 0.149409 0.152982 0.155666 0.150418 0.151591 0.153195 0.151735 0.14574 0.150833 0.150028 0.154092 0.16041 0.152711 0.154972 0.136938 0.152526 0.153676 0.157747 0.151181 0.154674 0.144358 0.151259 0.150171 0.151154 0.158566 0.151519 0.154567 0.149206 0.155172 0.155809 0.155081 0.152933 0.149542 0.151338 0.150757 0.149707 0.149456 0.153145 0.157189 0.138748 0.154356 0.155925 0.15054 0.153705 0.149155 0.147052 0.148166 0.154553 0.156527 0.11809 0.151708 0.154209 0.155237 0.1461 
0.138059 0.136961 0.128337 0.134624 0.134556 0.137745 0.147773 0.137339 0.132734 0.153316 0.143504 0.131959 0.141201 0.131181 0.137741 0.135955 0.138116 0.137432 0.136522 0.134479 0.141842 0.131409 0.157499 0 0.134823 0.1501 0.131317 0.14751 0.150779 0.139835 0.142921 0.140007 0.142937 0.148629 0.142612 0.15725 0.128004 0.138392 0.13982 0.142699 0.146632 0.128921 0.131442 0.164997 0.132364 0.152762 0.138545 0.134489 0.151937 0.132742 0.13918 0.136166 0.140957 0.139966 0.135571 0.136986 0.135359 0.138007 0.138374 0.149534 0.128676 0.134287 0.131141 0.153112 0.144373 0.136989 0.134583 0.14259 0.139402 0.141483 0.135045 0.131876 0.1398 0.137713 0.155592 0.157686 0.141352 0.136801 0.140355 0.132585 0.133961 0.143414 0.137424 0.142438 0.131917 0.146863 0.139458 0.131943 0.136628 0.133452 0.129418 0.134298 0.152806 0.13641 0.14085 0.141121 0.146761 0.139571 0.145451 0.130716 0.138033 0.136051 0.149356 0.145813 0.155452 0.137828 0.145678 0.138303 0.136643 0.133552 0.150371 0.14287 0.141636 0.123867 0.128129 0.136368 0.140867 0.140141 0.140637 0.141535 0.152842 
0.140961 0.135347 0.138818 0.140842 0.14537 0.138435 0.141727 0.137195 0.134267 0.142987 0.143266 0.139656 0.146548 0.134094 0.143184 0.140696 0.14008 0.142661 0.140183 0.140231 0.14228 0.141676 0.145344 0.134823 0 0.145519 0.136221 0.142418 0.150054 0.138902 0.142292 0.142307 0.137991 0.14435 0.145059 0.145817 0.116793 0.137123 0.143884 0.140419 0.13647 0.136252 0.142972 0.146662 0.139868 0.149683 0.136595 0.141782 0.145773 0.13924 0.139979 0.140382 0.142678 0.141783 0.142012 0.135668 0.139024 0.136485 0.144675 0.142211 0.13778 0.139896 0.13891 0.145558 0.144509 0.139576 0.141568 0.142095 0.139833 0.139324 0.139895 0.139777 0.14408 0.139695 0.141655 0.150331 0.139321 0.141693 0.141824 0.139078 0.138923 0.145479 0.142972 0.141205 0.141144 0.143769 0.139705 0.137662 0.138195 0.137224 0.1371 0.137163 0.146508 0.141653 0.144812 0.141423 0.136374 0.145809 0.145134 0.135078 0.141547 0.137992 0.143829 0.142164 0.141685 0.140723 0.1468 0.139868 0.142181 0.139073 0.143208 0.143265 0.142245 0.128661 0.139996 0.138288 0.142078 0.144569 0.145967 0.140156 0.148889 
0.147124 0.140749 0.150838 0.149466 0.142543 0.142672 0.139324 0.140246 0.141258 0.136725 0.146072 0.142279 0.142087 0.141294 0.144375 0.148374 0.145626 0.145519 0.144865 0.151837 0.144547 0.135506 0.148888 0.1501 0.145519 0 0.141131 0.141579 0.150293 0.143489 0.14856 0.14346 0.142864 0.153045 0.15023 0.150797 0.148989 0.144326 0.146061 0.139891 0.142142 0.144463 0.14285 0.146252 0.144834 0.15109 0.142204 0.14609 0.143926 0.144951 0.14769 0.144521 0.146527 0.145003 0.141776 0.142612 0.1461 0.147011 0.147607 0.150428 0.143948 0.149163 0.145406 0.143214 0.140719 0.150466 0.146055 0.151668 0.149419 0.144711 0.142707 0.147766 0.147496 0.145154 0.13952 0.138703 0.14842 0.146811 0.153883 0.140777 0.14972 0.146456 0.145504 0.145801 0.152056 0.144915 0.150226 0.139709 0.137513 0.147303 0.144322 0.147187 0.145766 0.149475 0.145063 0.147761 0.149357 0.14709 0.145275 0.140389 0.146018 0.138315 0.141253 0.146258 0.140246 0.148625 0.148209 0.148348 0.150965 0.140083 0.144053 0.0601087 0.145744 0.144775 0.147902 0.146463 0.146446 0.141494 0.144514 0.151612 0.143687 
0.129726 0.140352 0.130781 0.133107 0.132378 0.130387 0.137088 0.13403 0.131951 0.142866 0.142661 0.133808 0.139316 0.127885 0.130505 0.133423 0.133146 0.134842 0.129552 0.135641 0.126695 0.129092 0.149138 0.131317 0.136221 0.141131 0 0.141423 0.142138 0.133884 0.135581 0.137142 0.134762 0.144336 0.141018 0.148907 0.129962 0.136554 0.133756 0.137068 0.141772 0.132181 0.128083 0.155259 0.128648 0.146815 0.129121 0.126195 0.140752 0.131964 0.134564 0.134949 0.139031 0.135016 0.135246 0.13349 0.13209 0.135638 0.129123 0.14498 0.126321 0.130634 0.130151 0.145634 0.146025 0.135106 0.13269 0.145333 0.135707 0.136621 0.135729 0.13333 0.132904 0.129858 0.150795 0.146145 0.140113 0.133443 0.135497 0.132081 0.131507 0.131746 0.132353 0.136566 0.134044 0.145483 0.138526 0.132714 0.134285 0.128545 0.131481 0.130343 0.143408 0.128934 0.13906 0.135078 0.147621 0.135615 0.141722 0.132549 0.134906 0.13286 0.142677 0.139555 0.145034 0.136437 0.131982 0.136606 0.136674 0.131955 0.14316 0.13574 0.137187 0.132706 0.132677 0.140066 0.137172 0.135799 0.135882 0.138802 0.144263 
0.143577 0.139779 0.145078 0.150023 0.143814 0.141419 0.135083 0.141409 0.140287 0.135949 0.143174 0.145743 0.142581 0.140325 0.144113 0.14793 0.142602 0.14596 0.144441 0.149201 0.147591 0.137873 0.150615 0.14751 0.142418 0.141579 0.141423 0 0.134813 0.141188 0.151108 0.142521 0.140941 0.150165 0.137044 0.146497 0.148539 0.146587 0.147435 0.126236 0.144539 0.144465 0.149375 0.132327 0.14701 0.138899 0.136562 0.152015 0.123968 0.148777 0.148498 0.145604 0.144664 0.143839 0.147323 0.148419 0.146041 0.148797 0.146075 0.128684 0.14145 0.148679 0.147234 0.119917 0.148422 0.153745 0.14671 0.146997 0.148272 0.146605 0.143146 0.150345 0.146357 0.145621 0.141089 0.141552 0.144109 0.148277 0.146918 0.144587 0.14958 0.146387 0.143735 0.132967 0.151204 0.146146 0.148963 0.13984 0.144132 0.144118 0.147419 0.146433 0.130474 0.147793 0.148966 0.149272 0.142321 0.150247 0.123748 0.141554 0.141932 0.144626 0.123269 0.143509 0.143028 0.152086 0.147869 0.145698 0.147446 0.140757 0.130367 0.139817 0.146436 0.139851 0.145594 0.148837 0.145016 0.145075 0.150402 0.14612 0.140913 
0.14729 0.147383 0.147887 0.153294 0.148757 0.145605 0.145557 0.145421 0.147891 0.147074 0.147769 0.145214 0.149013 0.142934 0.146203 0.149672 0.142517 0.143125 0.141751 0.147568 0.148599 0.144325 0.161561 0.150779 0.150054 0.150293 0.142138 0.134813 0 0.149233 0.152464 0.145167 0.149283 0.154829 0.13296 0.152184 0.146851 0.150148 0.143695 0.134297 0.150945 0.14053 0.143112 0.146571 0.144655 0.14267 0.144898 0.147398 0.13497 0.142208 0.148096 0.148378 0.145412 0.145109 0.147657 0.143618 0.147432 0.148403 0.147114 0.137878 0.141895 0.145013 0.14355 0.142599 0.152053 0.148328 0.143891 0.147774 0.14895 0.145443 0.146722 0.143333 0.142355 0.141021 0.148199 0.157315 0.149085 0.143796 0.145443 0.146279 0.144658 0.144005 0.144813 0.132562 0.148158 0.151099 0.148175 0.14497 0.145132 0.143816 0.144687 0.148386 0.140511 0.142679 0.147728 0.149165 0.155466 0.149777 0.13227 0.141797 0.15065 0.145656 0.134039 0.150212 0.152228 0.151154 0.146384 0.143187 0.146007 0.143779 0.135903 0.148427 0.150604 0.145376 0.141343 0.144479 0.149352 0.14773 0.145848 0.146268 0.155574 
0.137488 0.134752 0.136643 0.136843 0.13693 0.136418 0.135306 0.137922 0.13399 0.139301 0.134085 0.140278 0.138054 0.133532 0.133302 0.135586 0.130316 0.139 0.135371 0.143196 0.138249 0.134785 0.148427 0.139835 0.138902 0.143489 0.133884 0.141188 0.149233 0 0.140578 0.137294 0.131016 0.141291 0.144997 0.150321 0.137434 0.136819 0.134133 0.138172 0.136996 0.134708 0.135956 0.148916 0.134609 0.149527 0.131514 0.141286 0.142149 0.134036 0.139788 0.143003 0.142422 0.143206 0.140062 0.134903 0.130395 0.137595 0.138034 0.146891 0.133917 0.14036 0.13213 0.143495 0.146862 0.137272 0.134873 0.144813 0.141257 0.139666 0.135854 0.1372 0.136449 0.137922 0.143475 0.145648 0.141252 0.138164 0.139649 0.139316 0.139817 0.133812 0.136791 0.143427 0.137041 0.14519 0.135116 0.135544 0.133396 0.138369 0.136186 0.131738 0.14746 0.136456 0.139104 0.140546 0.144759 0.139642 0.141877 0.133284 0.139188 0.141731 0.145516 0.142326 0.140597 0.14361 0.1385 0.137672 0.140309 0.139538 0.144336 0.141074 0.136326 0.139817 0.136582 0.142718 0.144812 0.132953 0.13693 0.14241 0.138913 
0.138258 0.142398 0.13827 0.0473637 0.139787 0.140968 0.147622 0.139154 0.138884 0.147158 0.144117 0.138376 0.144745 0.135301 0.141075 0.137356 0.146028 0.142697 0.143471 0.143556 0.138043 0.13719 0.152435 0.142921 0.142292 0.14856 0.135581 0.151108 0.152464 0.140578 0 0.143647 0.145406 0.14536 0.149583 0.149589 0.137626 0.151365 0.141078 0.14582 0.142105 0.139159 0.13908 0.157768 0.135639 0.150913 0.138175 0.140954 0.150808 0.140792 0.143372 0.141238 0.147216 0.14249 0.144682 0.138307 0.141579 0.142039 0.138876 0.150396 0.135377 0.135662 0.137706 0.153865 0.145746 0.141663 0.138436 0.146412 0.147333 0.138763 0.099104 0.139117 0.138189 0.139908 0.149744 0.145861 0.144201 0.139711 0.145813 0.137653 0.136806 0.140048 0.136123 0.143284 0.138762 0.142265 0.138993 0.137368 0.137456 0.141946 0.138296 0.143191 0.146547 0.138455 0.139772 0.14124 0.15496 0.141841 0.148672 0.139187 0.142431 0.142225 0.146127 0.142203 0.152501 0.14091 0.142844 0.144987 0.143331 0.139569 0.150728 0.138772 0.144702 0.139704 0.139047 0.138418 0.142189 0.141435 0.143216 0.142705 0.149958 
0.135672 0.13214 0.136454 0.142575 0.140619 0.139754 0.141647 0.139868 0.134146 0.141235 0.142423 0.138958 0.139162 0.132977 0.140332 0.138457 0.135168 0.139677 0.140484 0.143575 0.13729 0.137259 0.150125 0.140007 0.142307 0.14346 0.137142 0.142521 0.145167 0.137294 0.143647 0 0.139933 0.145111 0.143496 0.146757 0.135834 0.144401 0.141258 0.140084 0.14285 0.138757 0.141141 0.150746 0.138921 0.147849 0.137489 0.140305 0.140126 0.141894 0.0994745 0.141706 0.141153 0.143751 0.139364 0.140154 0.133789 0.101825 0.14154 0.148308 0.136396 0.133866 0.137201 0.147685 0.138291 0.141836 0.139027 0.14589 0.144797 0.144715 0.142248 0.142074 0.139321 0.140639 0.144173 0.145937 0.145827 0.139778 0.14433 0.136581 0.143513 0.137424 0.138824 0.146691 0.138831 0.146864 0.141699 0.135402 0.137999 0.138306 0.138513 0.13832 0.144833 0.135837 0.145101 0.139025 0.143215 0.139936 0.142669 0.133293 0.140628 0.139379 0.143911 0.141328 0.144505 0.144758 0.140578 0.141488 0.142329 0.140281 0.14202 0.136891 0.136741 0.13841 0.141002 0.138691 0.138399 0.139221 0.146051 0.14212 0.142501 
0.143265 0.132883 0.139691 0.141192 0.140473 0.137909 0.13622 0.138659 0.133823 0.138732 0.131719 0.136229 0.133029 0.136438 0.141416 0.138958 0.135985 0.143546 0.144063 0.140504 0.14239 0.137994 0.150346 0.142937 0.137991 0.142864 0.134762 0.140941 0.149283 0.131016 0.145406 0.139933 0 0.145698 0.146504 0.149493 0.140918 0.134745 0.141114 0.143635 0.13882 0.142178 0.139246 0.152218 0.136511 0.156081 0.131508 0.141841 0.142271 0.141019 0.145264 0.139799 0.143332 0.145688 0.140829 0.139161 0.133398 0.145565 0.142979 0.146178 0.137414 0.140235 0.137547 0.142923 0.143987 0.144387 0.138692 0.147345 0.138662 0.144971 0.142913 0.141569 0.141845 0.145921 0.136496 0.140946 0.14009 0.138805 0.145496 0.140479 0.14332 0.138084 0.141279 0.14601 0.142516 0.147194 0.139627 0.139487 0.140452 0.139564 0.136647 0.038179 0.143873 0.14009 0.143632 0.145905 0.145317 0.143667 0.144944 0.13706 0.13826 0.142554 0.147673 0.142441 0.14379 0.145268 0.144422 0.142548 0.139745 0.13901 0.146598 0.140369 0.142105 0.136435 0.140757 0.140352 0.141218 0.13931 0.145131 0.141931 0.135218 
0.149937 0.142285 0.147572 0.147441 0.150265 0.14755 0.146926 0.144769 0.140949 0.141166 0.148979 0.145273 0.148664 0.138811 0.147273 0.0582268 0.147507 0.150019 0.150455 0.148046 0.145024 0.139662 0.152827 0.148629 0.14435 0.153045 0.144336 0.150165 0.154829 0.141291 0.14536 0.145111 0.145698 0 0.153588 0.146108 0.143145 0.144737 0.146294 0.146155 0.14696 0.145943 0.143713 0.152627 0.142816 0.154671 0.142809 0.144853 0.146505 0.146436 0.151614 0.14953 0.147203 0.151779 0.155013 0.142361 0.142022 0.151166 0.145721 0.152483 0.149669 0.148996 0.146893 0.148444 0.143862 0.149736 0.146641 0.149127 0.148491 0.146662 0.142954 0.147186 0.146333 0.151576 0.146789 0.152765 0.154221 0.147987 0.150893 0.148454 0.149306 0.147459 0.142036 0.153842 0.0595922 0.149633 0.1473 0.144806 0.144033 0.144807 0.14612 0.147387 0.148281 0.146146 0.147255 0.147147 0.149319 0.152146 0.149113 0.14587 0.147848 0.145711 0.148989 0.146796 0.145465 0.145455 0.149709 0.148328 0.155337 0.143958 0.149323 0.145719 0.143963 0.142088 0.146913 0.149261 0.1516 0.14405 0.14999 0.144272 0.148672 
0.140062 0.146819 0.141259 0.147826 0.148456 0.142527 0.152957 0.139783 0.141044 0.151953 0.148048 0.14472 0.151951 0.139809 0.143294 0.144366 0.139284 0.139347 0.143527 0.139847 0.144345 0.139404 0.159557 0.142612 0.145059 0.15023 0.141018 0.137044 0.13296 0.144997 0.149583 0.143496 0.146504 0.153588 0 0.156333 0.14367 0.144179 0.141513 0.132086 0.149314 0.136212 0.138745 0.14963 0.141596 0.142891 0.143731 0.14117 0.136962 0.142289 0.142232 0.144013 0.144636 0.141735 0.140658 0.140834 0.148618 0.142769 0.141711 0.136835 0.137742 0.14292 0.13745 0.140785 0.149937 0.143134 0.140076 0.143512 0.140858 0.144105 0.144982 0.137473 0.144808 0.143261 0.148893 0.155945 0.147298 0.141297 0.146593 0.138808 0.137442 0.145737 0.140546 0.130973 0.141379 0.148177 0.150035 0.143535 0.144612 0.137457 0.137884 0.139012 0.140348 0.142888 0.145324 0.144769 0.15406 0.144772 0.135182 0.141355 0.14599 0.142534 0.141068 0.146979 0.158115 0.146508 0.14324 0.143899 0.143901 0.143031 0.135598 0.145739 0.149711 0.137283 0.13705 0.14113 0.14908 0.150359 0.141329 0.144589 0.155818 
0.153661 0.1438 0.158677 0.154817 0.155016 0.153259 0.135073 0.151161 0.143537 0.132926 0.150882 0.151019 0.146094 0.148121 0.149331 0.154256 0.151373 0.157073 0.146228 0.157555 0.147183 0.144225 0.148835 0.15725 0.145817 0.150797 0.148907 0.146497 0.152184 0.150321 0.149589 0.146757 0.149493 0.146108 0.156333 0 0.154333 0.147405 0.144121 0.144569 0.143999 0.150652 0.161017 0.149731 0.154409 0.147003 0.145433 0.152943 0.143 0.155868 0.156593 0.154604 0.152561 0.149993 0.154707 0.147763 0.157112 0.155063 0.156313 0.150191 0.156533 0.151641 0.153841 0.141202 0.147952 0.158565 0.151502 0.146188 0.152553 0.145181 0.148274 0.157332 0.145581 0.147567 0.137654 0.140334 0.147313 0.117417 0.14825 0.154378 0.159784 0.147624 0.150558 0.151471 0.159506 0.145371 0.151898 0.139951 0.147299 0.153477 0.155728 0.154502 0.14215 0.156631 0.151941 0.160038 0.148346 0.158234 0.152362 0.142325 0.14921 0.150008 0.148272 0.145682 0.142902 0.154734 0.151773 0.145873 0.152036 0.149665 0.147569 0.148256 0.151084 0.148574 0.153422 0.154459 0.151185 0.138042 0.153604 0.154336 0.145394 
0.134221 0.138937 0.137439 0.133387 0.137464 0.135748 0.139264 0.134285 0.132643 0.148115 0.135852 0.137444 0.143598 0.131837 0.13672 0.134344 0.131597 0.136418 0.132108 0.138774 0.131916 0.129839 0.149771 0.128004 0.116793 0.148989 0.129962 0.148539 0.146851 0.137434 0.137626 0.135834 0.140918 0.143145 0.14367 0.154333 0 0.141178 0.137211 0.140419 0.136137 0.129529 0.133143 0.158799 0.127479 0.150669 0.133597 0.139173 0.151115 0.133956 0.129172 0.132581 0.138458 0.135589 0.134753 0.135177 0.132761 0.128868 0.136962 0.14698 0.122227 0.134997 0.130719 0.149988 0.148234 0.131737 0.13314 0.141625 0.138889 0.13984 0.130629 0.130974 0.135214 0.132042 0.150531 0.15061 0.133144 0.136157 0.13907 0.131718 0.135657 0.139875 0.136875 0.139318 0.131545 0.141263 0.138776 0.129839 0.13376 0.132206 0.12855 0.134286 0.148652 0.132972 0.135597 0.137952 0.148476 0.139743 0.139395 0.13445 0.133714 0.13762 0.140626 0.144615 0.147161 0.139262 0.141165 0.13469 0.130505 0.136177 0.147221 0.140867 0.139104 0.124557 0.129137 0.136991 0.13671 0.145219 0.140432 0.136094 0.148759 
